Macroporosity,Vugs,Sample,Grid,R,P_Area_100,WAv_Lx,Alignment,Alignment2,Eccent,keq_fit,keq_simulation,Relative_error2
0.02,35,aleatory,grid-10,r1,0.0195773,1.95762,0.630302,0.0468942,0.147216,1.01005,1.04175,0.0304301
0.02,35,aleatory,grid-15,r1,0.0197433,1.98451,0.598945,0.0540352,0.154857,1.0101,1.04186,0.0304894
0.02,35,aleatory,grid-19,r1,0.0198285,2.12784,0.636082,0.114909,0.212025,1.01104,1.04273,0.0303992
0.02,35,aleatory,grid-20,r1,0.0197922,1.91568,0.533688,0.01,0.11617,1.00931,1.04259,0.0319168
0.02,35,aleatory,grid-30,r1,0.0197529,1.91088,0.610818,0.01,0.122273,1.00981,1.04129,0.0302275
0.04,70,aleatory,grid-10,r1,0.0388972,2.044,0.61303,0.0876122,0.20566,1.03258,1.08426,0.0476647
0.04,70,aleatory,grid-15,r1,0.0393898,1.98986,0.546097,0.0542248,0.200364,1.03132,1.0845,0.049033
0.04,70,aleatory,grid-19,r1,0.0396706,2.21368,0.46952,0.0935742,0.314886,1.03256,1.08435,0.0477599
0.04,70,aleatory,grid-20,r1,0.0395736,1.91092,0.568878,0.01,0.118365,1.03016,1.0851,0.0506318
0.04,70,aleatory,grid-30,r1,0.039555,1.91701,0.671221,0.01,0.11922,1.03223,1.08579,0.0493264
0.05,87,aleatory,grid-10,r1,0.0484082,1.96633,0.518037,0.0216851,0.190709,1.04278,1.10421,0.0556323
0.05,87,aleatory,grid-15,r1,0.0489006,2.00614,0.559828,0.0657935,0.214414,1.04571,1.10985,0.0577928
0.05,87,aleatory,grid-19,r1,0.0492554,2.28649,0.528333,0.142441,0.317937,1.04964,1.11174,0.0558657
0.05,87,aleatory,grid-20,r1,0.0491994,1.91766,0.536497,0.01,0.11815,1.04237,1.1119,0.0625336
0.05,87,aleatory,grid-30,r1,0.0491771,1.9234,0.585952,0.01,0.117962,1.04388,1.10957,0.059198
0.06,105,aleatory,grid-10,r1,0.0574799,2.2014,0.554745,0.119473,0.275711,1.06349,1.13282,0.061203
0.06,105,aleatory,grid-15,r1,0.0589188,1.99211,0.521702,0.0546076,0.230957,1.06074,1.13141,0.062465
0.06,105,aleatory,grid-19,r1,0.0595193,2.31088,0.50756,0.122686,0.337309,1.06755,1.13437,0.0589091
0.06,105,aleatory,grid-20,r1,0.0593638,1.91953,0.57992,0.01,0.124042,1.05992,1.1394,0.069755
0.06,105,aleatory,grid-30,r1,0.0593491,1.91882,0.617946,0.01,0.120254,1.06125,1.13123,0.0618603
0.08,140,aleatory,grid-10,r1,0.077156,2.10134,0.58481,0.0978307,0.256256,1.10277,1.18218,0.0671697
0.08,140,aleatory,grid-15,r1,0.078254,2.14055,0.556482,0.0986412,0.260159,1.1042,1.1873,0.0699873
0.08,140,aleatory,grid-19,r1,0.0794003,2.41774,0.566276,0.171119,0.373002,1.11716,1.19296,0.0635391
0.08,140,aleatory,grid-20,r1,0.0792507,1.9172,0.531354,0.01,0.124252,1.09348,1.19703,0.0865046
0.08,140,aleatory,grid-30,r1,0.0790774,1.91786,0.550862,0.01,0.120803,1.09427,1.17951,0.072268
0.1,175,aleatory,grid-10,r1,0.0961863,2.13067,0.556619,0.107811,0.268511,1.14683,1.22925,0.0670466
0.1,175,aleatory,grid-15,r1,0.0975327,2.13057,0.544842,0.105488,0.310474,1.15075,1.23696,0.0696902
0.1,175,aleatory,grid-19,r1,0.0992576,2.44718,0.542126,0.188816,0.393299,1.16848,1.25819,0.0712986
0.1,175,aleatory,grid-20,r1,0.0991217,1.92289,0.585664,0.01,0.12908,1.14143,1.24471,0.0829762
0.1,175,aleatory,grid-30,r1,0.0988709,1.91688,0.575592,0.01,0.117836,1.13865,1.22822,0.0729241
0.12,210,aleatory,grid-10,r1,0.115503,2.11001,0.604451,0.114935,0.253373,1.2036,1.28208,0.0612096
0.12,210,aleatory,grid-15,r1,0.116544,2.25394,0.56279,0.187426,0.354704,1.21296,1.29649,0.0644289
0.12,210,aleatory,grid-19,r1,0.119196,2.72995,0.521748,0.1997,0.405351,1.23729,1.30571,0.0524016
0.12,210,aleatory,grid-20,r1,0.11894,1.92147,0.575473,0.01,0.124827,1.1895,1.31735,0.097053
0.12,210,aleatory,grid-30,r1,0.118608,1.91657,0.563504,0.01,0.116832,1.18585,1.28439,0.0767264
0.14,245,aleatory,grid-10,r1,0.130097,2.22641,0.524469,0.150634,0.331002,1.24582,1.34069,0.0707616
0.14,245,aleatory,grid-15,r1,0.135546,2.46201,0.581228,0.193053,0.329877,1.28715,1.36224,0.0551201
0.14,245,aleatory,grid-19,r1,0.139236,3.18162,0.513152,0.263585,0.522363,1.3346,1.42759,0.0651345
0.14,245,aleatory,grid-20,r1,0.138838,1.92306,0.591337,0.01,0.127993,1.2482,1.36427,0.0850834
0.14,245,aleatory,grid-30,r1,0.138431,1.91809,0.536126,0.01,0.112558,1.2349,1.34139,0.0793823
0.15,262,aleatory,grid-10,r1,0.139655,2.27652,0.550367,0.14344,0.338301,1.28527,1.37251,0.0635646
0.15,262,aleatory,grid-15,r1,0.144176,2.52108,0.546446,0.213209,0.420177,1.32017,1.40168,0.0581536
0.15,262,aleatory,grid-19,r1,0.148891,2.95379,0.505871,0.264245,0.529311,1.35954,1.44564,0.0595548
0.15,262,aleatory,grid-20,r1,0.14845,1.92088,0.55371,0.01,0.123581,1.26937,1.41644,0.103831
0.15,262,aleatory,grid-30,r1,0.147951,1.91931,0.571672,0.01,0.115738,1.26972,1.35827,0.0651986
0.16,280,aleatory,grid-10,r1,0.149997,2.21164,0.511416,0.138169,0.345363,1.30835,1.40653,0.0698046
0.16,280,aleatory,grid-15,r1,0.15459,2.34949,0.519861,0.182785,0.401657,1.33978,1.4313,0.0639414
0.16,280,aleatory,grid-19,r1,0.159276,3.5829,0.558485,0.336384,0.540532,1.45845,1.48854,0.0202096
0.16,280,aleatory,grid-20,r1,0.158718,1.9241,0.586856,0.01,0.128607,1.3092,1.44275,0.0925717
0.16,280,aleatory,grid-30,r1,0.158149,1.92076,0.590213,0.01,0.117012,1.30545,1.39595,0.0648287
0.18,315,aleatory,grid-10,r1,0.168536,2.22806,0.515076,0.150807,0.352128,1.37709,1.46106,0.0574708
0.18,315,aleatory,grid-15,r1,0.173325,2.5544,0.542426,0.204195,0.393576,1.43373,1.51138,0.0513793
0.18,315,aleatory,grid-19,r1,0.179227,3.39755,0.499829,0.264423,0.546912,1.5212,1.60221,0.0505607
0.18,315,aleatory,grid-20,r1,0.178688,1.92588,0.591922,0.01,0.1234,1.37658,1.54116,0.106785
0.18,315,aleatory,grid-30,r1,0.177869,1.91883,0.595576,0.01,0.113973,1.37159,1.46004,0.0605836
0.2,350,aleatory,grid-10,r1,0.183138,2.44488,0.543496,0.233344,0.440168,1.47018,1.53026,0.0392658
0.2,350,aleatory,grid-15,r1,0.191908,2.58571,0.530625,0.216314,0.425565,1.51534,1.59051,0.0472616
0.2,350,aleatory,grid-19,r1,0.199315,4.37343,0.567993,0.394596,0.621579,1.74355,1.73951,0.00231923
0.2,350,aleatory,grid-20,r1,0.198616,1.92664,0.585194,0.01,0.123692,1.44697,1.59383,0.0921402
0.2,350,aleatory,grid-30,r1,0.197637,1.91913,0.555327,0.01,0.113652,1.43053,1.5247,0.0617639
0.22,385,aleatory,grid-10,r1,0.201192,2.60252,0.561658,0.260526,0.425861,1.57175,1.62524,0.0329117
0.22,385,aleatory,grid-15,r1,0.209609,2.71511,0.501322,0.263161,0.50537,1.60529,1.66454,0.0355953
0.22,385,aleatory,grid-19,r1,0.219581,4.151,0.530751,0.390771,0.645024,1.83214,1.8831,0.0270612
0.22,385,aleatory,grid-20,r1,0.218566,1.92817,0.582129,0.01,0.123063,1.52283,1.65513,0.0799362
0.22,385,aleatory,grid-30,r1,0.217289,1.91789,0.58741,0.01,0.110412,1.51378,1.58734,0.0463385
0.24,420,aleatory,grid-10,r1,0.216837,2.51828,0.526521,0.250397,0.459422,1.62534,1.66811,0.0256438
0.24,420,aleatory,grid-15,r1,0.228086,2.95934,0.567281,0.309806,0.506144,1.76131,1.76341,0.00118796
0.24,420,aleatory,grid-19,r1,0.239537,4.63957,0.500931,0.3842,0.648285,1.99048,2.06274,0.0350339
0.24,420,aleatory,grid-20,r1,0.238604,1.9298,0.562174,0.01,0.128775,1.59895,1.8025,0.112927
0.24,420,aleatory,grid-30,r1,0.237036,1.91918,0.553929,0.01,0.115598,1.58237,1.66107,0.0473802
0.25,437,aleatory,grid-10,r1,0.227407,2.49416,0.504897,0.185387,0.410722,1.65669,1.71156,0.0320602
0.25,437,aleatory,grid-15,r1,0.236285,3.0683,0.517965,0.29448,0.522832,1.79429,1.78267,0.00651861
0.25,437,aleatory,grid-19,r1,0.249194,5.63171,0.507244,0.364523,0.650693,2.16426,2.16544,0.000545354
0.25,437,aleatory,grid-20,r1,0.248089,1.92687,0.5969,0.01,0.126853,1.65297,1.85545,0.109127
0.25,437,aleatory,grid-30,r1,0.246635,1.92052,0.580738,0.01,0.112603,1.63257,1.68612,0.0317614
0.26,455,aleatory,grid-10,r1,0.235657,2.57647,0.550957,0.239477,0.449428,1.73745,1.7764,0.0219258
0.26,455,aleatory,grid-15,r1,0.245838,3.2636,0.520032,0.266289,0.490173,1.87001,1.90512,0.0184285
0.26,455,aleatory,grid-19,r1,0.259663,5.5613,0.473832,0.363059,0.6746,2.20998,2.32592,0.0498493
0.26,455,aleatory,grid-20,r1,0.258502,1.92803,0.558547,0.01,0.127564,1.68156,1.91479,0.121805
0.26,455,aleatory,grid-30,r1,0.256784,1.92026,0.568326,0.01,0.113661,1.6711,1.72966,0.0338587
0.28,490,aleatory,grid-10,r1,0.250848,2.55155,0.525131,0.253683,0.474222,1.80254,1.85435,0.0279413
0.28,490,aleatory,grid-15,r1,0.264862,3.13118,0.539981,0.304439,0.507953,1.98288,1.99133,0.00424541
0.28,490,aleatory,grid-19,r1,0.279955,6.57778,0.512306,0.416216,0.687717,2.53178,2.47685,0.0221792
0.28,490,aleatory,grid-20,r1,0.278487,1.92851,0.570254,0.01,0.127009,1.77736,2.04974,0.132887
0.28,490,aleatory,grid-30,r1,0.276367,1.91891,0.556501,0.01,0.110494,1.74995,1.8025,0.0291555
0.3,525,aleatory,grid-10,r1,0.264814,2.80118,0.509623,0.2724,0.513388,1.91241,1.99554,0.0416613
0.3,525,aleatory,grid-15,r1,0.281553,3.47713,0.493736,0.311521,0.595492,2.1173,2.19744,0.0364701
0.3,525,aleatory,grid-19,r1,0.300171,8.33322,0.539376,0.454913,0.699899,2.96345,2.87412,0.0310813
0.3,525,aleatory,grid-20,r1,0.298451,1.93028,0.559528,0.01,0.127126,1.86596,2.1931,0.149167
0.3,525,aleatory,grid-30,r1,0.29594,1.91765,0.557307,0.01,0.10847,1.83911,1.88198,0.02278
0.32,560,aleatory,grid-10,r1,0.282892,2.84555,0.543317,0.319707,0.511812,2.05152,1.99857,0.0264941
0.32,560,aleatory,grid-15,r1,0.300663,3.34359,0.505638,0.308156,0.584291,2.23292,2.26732,0.0151709
0.32,560,aleatory,grid-19,r1,0.32038,8.56697,0.462688,0.396066,0.74833,3.0978,3.22187,0.0385084
0.32,560,aleatory,grid-20,r1,0.318448,1.92963,0.571555,0.01,0.127231,1.97239,2.30869,0.145667
0.34,595,aleatory,grid-10,r1,0.29406,2.9396,0.524235,0.313616,0.541299,2.12772,2.17821,0.0231769
0.34,595,aleatory,grid-15,r1,0.31594,4.14994,0.535334,0.373405,0.622706,2.52274,2.43058,0.0379162
0.34,595,aleatory,grid-19,r1,0.340464,11.4481,0.623606,0.564508,0.707684,3.97601,3.51377,0.131551
0.34,595,aleatory,grid-20,r1,0.338645,1.9315,0.587252,0.01,0.126967,2.08872,2.50434,0.16596
0.35,612,aleatory,grid-10,r1,0.304784,2.94896,0.535333,0.310011,0.530829,2.20659,2.23336,0.0119842
0.35,612,aleatory,grid-15,r1,0.325681,3.8875,0.515574,0.356694,0.598409,2.52543,2.6225,0.0370165
0.35,612,aleatory,grid-19,r1,0.350392,10.0504,0.530102,0.479356,0.73331,3.76275,5.24338,0.282381
0.35,612,aleatory,grid-20,r1,0.348293,1.93079,0.557056,0.01,0.125803,2.11622,2.51965,0.160114
0.36,630,aleatory,grid-10,r1,0.309904,3.07607,0.517418,0.297417,0.547534,2.2515,2.38727,0.0568699
0.36,630,aleatory,grid-15,r1,0.334611,3.95543,0.493352,0.33092,0.637606,2.58898,2.70589,0.043206
0.36,630,aleatory,grid-19,r1,0.360638,9.47702,0.599247,0.527713,0.693801,3.94551,4.31767,0.0861941
0.36,630,aleatory,grid-20,r1,0.358595,1.93389,0.589196,0.01,0.129625,2.20149,2.60191,0.153894
0.38,665,aleatory,grid-10,r1,0.324449,3.07777,0.511945,0.334885,0.585486,2.35252,2.5324,0.0710301
0.38,665,aleatory,grid-15,r1,0.350992,4.87149,0.534595,0.37563,0.631925,2.95601,2.7492,0.0752262
0.38,665,aleatory,grid-19,r1,0.380985,11.7455,0.398029,0.352024,0.709408,4.04287,5.6837,0.28869
0.38,665,aleatory,grid-20,r1,0.378673,1.93369,0.59163,0.01,0.128617,2.31643,2.81981,0.178514
0.4,700,aleatory,grid-10,r1,0.336109,3.17862,0.49414,0.318552,0.572204,2.43318,2.5176,0.0335313
0.4,700,aleatory,grid-15,r1,0.368325,4.88661,0.521856,0.393355,0.667111,3.1112,3.18024,0.0217089
0.4,700,aleatory,grid-19,r1,0.401367,20.09,0.587367,0.55084,0.745008,5.99238,0,0
0.4,700,aleatory,grid-20,r1,0.398713,1.93492,0.565317,0.01,0.124721,2.40555,3.01873,0.203127
0.42,735,aleatory,grid-10,r1,0.351377,3.45931,0.546612,0.382234,0.601499,2.67704,2.69029,0.00492569
0.42,735,aleatory,grid-15,r1,0.385168,5.15023,0.514775,0.407881,0.693852,3.32542,3.28398,0.01262
0.42,735,aleatory,grid-19,r1,0.421908,28.435,0.430118,0.412782,0.765622,6.65878,0,0
0.42,735,aleatory,grid-20,r1,0.418717,1.93498,0.584111,0.01,0.127449,2.54698,3.29452,0.226904
0.44,770,aleatory,grid-10,r1,0.367801,3.62311,0.541848,0.386048,0.627139,2.84867,2.86442,0.00549833
0.44,770,aleatory,grid-15,r1,0.401933,5.58556,0.509353,0.398856,0.678202,3.57703,3.60429,0.00756441
0.44,770,aleatory,grid-19,r1,0.442056,29.0401,0.648183,0.619044,0.703111,8.20624,0,0
0.44,770,aleatory,grid-20,r1,0.438946,1.93615,0.585344,0.01,0.125794,2.67308,3.51308,0.239107
0.45,787,aleatory,grid-10,r1,0.376848,3.78301,0.505835,0.354632,0.619739,2.90985,2.92453,0.0050208
0.45,787,aleatory,grid-15,r1,0.410402,5.93825,0.532953,0.422086,0.663331,3.78979,3.69423,0.0258652
0.45,787,aleatory,grid-19,r1,0.451977,58.1082,0.677288,0.663771,0.843631,11.6857,0,0
0.45,787,aleatory,grid-20,r1,0.448587,1.93568,0.571384,0.01,0.12475,2.71677,3.58001,0.241128
0.02,15,aleatory,grid-15,r2,0.0196407,3.12138,0.446439,0.062099,0.175629,1.01114,1.0433,0.0308289
0.02,15,aleatory,grid-23,r2,0.0198287,2.91743,0.386518,0.01,0.106346,1.00995,1.04169,0.0304759
0.02,15,aleatory,grid-29,r2,0.0198221,2.91429,0.458227,0.01,0.109443,1.01065,1.04081,0.0289791
0.02,15,aleatory,grid-30,r2,0.0198554,2.93491,0.585496,0.01,0.0967213,1.01168,1.04209,0.0291824
0.02,15,aleatory,grid-40,r2,0.0198516,2.93492,0.504035,0.01,0.114374,1.01116,1.04415,0.0315937
0.04,30,aleatory,grid-15,r2,0.0377134,3.43416,0.521768,0.107767,0.201215,1.03698,1.08252,0.0420742
0.04,30,aleatory,grid-23,r2,0.0395133,2.91662,0.501938,4.55276e-05,0.150894,1.03561,1.08404,0.0446814
0.04,30,aleatory,grid-29,r2,0.0396983,3.10914,0.54499,0.0667949,0.263484,1.03996,1.08388,0.0405224
0.04,30,aleatory,grid-30,r2,0.0397167,2.93097,0.518586,0.01,0.102925,1.03535,1.08127,0.0424729
0.04,30,aleatory,grid-40,r2,0.0397108,2.93731,0.564837,0.01,0.100963,1.03653,1.08288,0.0428039
0.05,38,aleatory,grid-15,r2,0.0495289,3.00854,0.426911,0.0246482,0.163523,1.04964,1.10828,0.0529036
0.05,38,aleatory,grid-23,r2,0.0496781,3.03227,0.45977,0.0506012,0.247382,1.05332,1.11184,0.0526391
0.05,38,aleatory,grid-29,r2,0.0502611,3.06691,0.475744,0.0529009,0.227124,1.05501,1.10948,0.0490949
0.05,38,aleatory,grid-30,r2,0.0503629,2.92795,0.425321,0.01,0.0989353,1.04832,1.11125,0.0566305
0.05,38,aleatory,grid-40,r2,0.0503286,2.93294,0.573786,0.01,0.106563,1.05466,1.10702,0.0472917
0.06,45,aleatory,grid-15,r2,0.0580719,3.13493,0.401434,0.0667893,0.193337,1.06521,1.12308,0.0515295
0.06,45,aleatory,grid-23,r2,0.0589241,3.01154,0.464107,0.042486,0.223548,1.07023,1.13304,0.0554316
0.06,45,aleatory,grid-29,r2,0.0595932,3.43387,0.506989,0.0890115,0.206703,1.07829,1.13521,0.0501391
0.06,45,aleatory,grid-30,r2,0.0596223,3.06892,0.500637,0.0445031,0.198364,1.07372,1.13355,0.0527776
0.06,45,aleatory,grid-40,r2,0.0595711,2.9291,0.500936,0.01,0.0963143,1.06795,1.13015,0.0550298
0.08,60,aleatory,grid-15,r2,0.0771516,3.1383,0.467015,0.0824026,0.192327,1.11091,1.1742,0.0538986
0.08,60,aleatory,grid-23,r2,0.0783396,3.24572,0.577513,0.119068,0.249226,1.1283,1.18601,0.0486566
0.08,60,aleatory,grid-29,r2,0.0794229,3.30426,0.540595,0.133856,0.292276,1.13064,1.18334,0.0445346
0.08,60,aleatory,grid-30,r2,0.0794935,3.03557,0.494575,0.0334026,0.132073,1.11385,1.17728,0.0538749
0.08,60,aleatory,grid-40,r2,0.0794546,2.93175,0.585099,0.01,0.0947109,1.1164,1.18452,0.0575111
0.1,75,aleatory,grid-15,r2,0.0951861,3.56416,0.580559,0.255161,0.304385,1.18863,1.24454,0.0449297
0.1,75,aleatory,grid-23,r2,0.0977779,3.26695,0.473951,0.114103,0.263552,1.17279,1.2363,0.0513741
0.1,75,aleatory,grid-29,r2,0.0993105,3.30367,0.46946,0.0935835,0.348556,1.18164,1.22874,0.0383336
0.1,75,aleatory,grid-30,r2,0.0993666,3.01121,0.564354,0.0267699,0.12583,1.17234,1.26694,0.0746664
0.1,75,aleatory,grid-40,r2,0.0993133,2.93778,0.533656,0.01,0.102936,1.16382,1.23163,0.0550521
0.12,90,aleatory,grid-15,r2,0.112541,3.57499,0.513972,0.189539,0.364586,1.24125,1.26833,0.0213516
0.12,90,aleatory,grid-23,r2,0.116896,3.18579,0.378603,0.0586996,0.301342,1.21255,1.28421,0.0557992
0.12,90,aleatory,grid-29,r2,0.119308,4.23509,0.565318,0.245874,0.424472,1.30245,1.33772,0.0263618
0.12,90,aleatory,grid-30,r2,0.119313,3.13507,0.514798,0.0667509,0.170016,1.23514,1.29977,0.0497182
0.12,90,aleatory,grid-40,r2,0.119177,2.93386,0.521067,0.01,0.0984575,1.21872,1.29096,0.0559641
0.14,105,aleatory,grid-15,r2,0.131887,3.30125,0.503723,0.171923,0.329645,1.29759,1.33526,0.0282171
0.14,105,aleatory,grid-23,r2,0.134794,3.74449,0.54192,0.238848,0.425305,1.34388,1.35252,0.00638502
0.14,105,aleatory,grid-29,r2,0.139278,3.97407,0.43963,0.184476,0.485175,1.34754,1.3692,0.015821
0.14,105,aleatory,grid-30,r2,0.139219,3.10978,0.559079,0.0285695,0.142963,1.30825,1.37882,0.0511778
0.14,105,aleatory,grid-40,r2,0.139037,2.93764,0.513703,0.01,0.0992858,1.28126,1.33889,0.043048
0.15,113,aleatory,grid-15,r2,0.140894,3.33241,0.436147,0.143454,0.323215,1.31466,1.34505,0.0225963
0.15,113,aleatory,grid-23,r2,0.145625,3.76652,0.556208,0.236192,0.362491,1.39097,1.41026,0.0136793
0.15,113,aleatory,grid-29,r2,0.150002,5.07265,0.474571,0.279448,0.615523,1.46299,1.44365,0.0133945
0.15,113,aleatory,grid-30,r2,0.14981,2.98799,0.466512,0.0176794,0.11732,1.31315,1.4136,0.0710575
0.15,113,aleatory,grid-40,r2,0.149583,2.93363,0.49784,0.01,0.102792,1.31433,1.37805,0.0462408
0.16,120,aleatory,grid-15,r2,0.149502,3.42041,0.411267,0.131432,0.319055,1.34308,1.38948,0.033392
0.16,120,aleatory,grid-23,r2,0.154025,3.87283,0.553724,0.235557,0.393779,1.4369,1.43771,0.000566656
0.16,120,aleatory,grid-29,r2,0.159142,4.29959,0.486598,0.230912,0.50918,1.47007,1.46173,0.00571163
0.16,120,aleatory,grid-30,r2,0.159085,3.28633,0.552025,0.0499128,0.14313,1.3928,1.48961,0.0649951
0.16,120,aleatory,grid-40,r2,0.158926,2.93572,0.540929,0.01,0.100574,1.3586,1.40142,0.0305513
0.18,135,aleatory,grid-15,r2,0.169622,3.61591,0.477994,0.17199,0.322016,1.46104,1.4736,0.00852327
0.18,135,aleatory,grid-23,r2,0.174487,3.66743,0.558385,0.205626,0.353209,1.52096,1.50007,0.0139277
0.18,135,aleatory,grid-29,r2,0.179067,4.74491,0.457093,0.231622,0.520816,1.58528,1.53781,0.0308633
0.18,135,aleatory,grid-30,r2,0.17906,3.02553,0.525552,0.0296186,0.148312,1.45232,1.53513,0.0539436
0.18,135,aleatory,grid-40,r2,0.178765,2.93598,0.509767,0.01,0.0979725,1.42498,1.467,0.028643
0.2,150,aleatory,grid-15,r2,0.188237,3.74525,0.458622,0.178595,0.348469,1.55164,1.55693,0.00340008
0.2,150,aleatory,grid-23,r2,0.190158,4.81276,0.550572,0.322899,0.453901,1.69267,1.64213,0.0307787
0.2,150,aleatory,grid-29,r2,0.199152,5.79937,0.40813,0.226709,0.581284,1.74018,1.65366,0.0523198
0.2,150,aleatory,grid-30,r2,0.198911,3.17567,0.563198,0.060031,0.172582,1.57311,1.64535,0.0439097
0.2,150,aleatory,grid-40,r2,0.198631,2.9354,0.509269,0.01,0.0966083,1.50538,1.54267,0.0241715
0.22,165,aleatory,grid-15,r2,0.199939,3.79276,0.487129,0.221337,0.398389,1.63489,1.58925,0.0287184
0.22,165,aleatory,grid-23,r2,0.209952,4.13867,0.462795,0.244327,0.485105,1.71425,1.66742,0.0280837
0.22,165,aleatory,grid-29,r2,0.219208,6.82371,0.452899,0.316874,0.610478,1.97974,1.8303,0.0816476
0.22,165,aleatory,grid-30,r2,0.218878,3.73721,0.537733,0.0545797,0.184688,1.71582,1.77638,0.0340895
0.22,165,aleatory,grid-40,r2,0.21857,2.93666,0.512266,0.01,0.0993425,1.59517,1.5965,0.000830839
0.24,180,aleatory,grid-15,r2,0.213851,4.1869,0.508059,0.276006,0.464266,1.76537,1.67657,0.0529643
0.24,180,aleatory,grid-23,r2,0.228238,4.67361,0.43844,0.207286,0.491673,1.85118,1.76841,0.0468041
0.24,180,aleatory,grid-29,r2,0.239173,8.58203,0.571492,0.435634,0.676461,2.393,2.2654,0.0563258
0.24,180,aleatory,grid-30,r2,0.238717,3.07007,0.539081,0.0443716,0.139816,1.73784,1.86439,0.0678765
0.24,180,aleatory,grid-40,r2,0.238521,2.93651,0.569708,0.01,0.0991169,1.71725,1.67399,0.0258415
0.25,188,aleatory,grid-15,r2,0.229548,3.62599,0.460403,0.196801,0.407526,1.76602,1.71953,0.0270351
0.25,188,aleatory,grid-23,r2,0.237108,5.58035,0.586906,0.33845,0.490332,2.10492,1.99099,0.0572212
0.25,188,aleatory,grid-29,r2,0.249882,8.36449,0.565155,0.415957,0.610272,2.46142,2.1458,0.147087
0.25,188,aleatory,grid-30,r2,0.249462,3.41678,0.510551,0.0797357,0.190393,1.8376,1.85111,0.00729594
0.25,188,aleatory,grid-40,r2,0.249007,2.93655,0.589365,0.01,0.0978917,1.77991,1.71086,0.0403612
0.26,195,aleatory,grid-15,r2,0.236323,3.84171,0.480209,0.242186,0.430973,1.84359,1.79086,0.0294429
0.26,195,aleatory,grid-23,r2,0.244575,5.23104,0.501316,0.303252,0.546782,2.07009,1.88799,0.0964491
0.26,195,aleatory,grid-29,r2,0.259296,9.37252,0.346351,0.262043,0.711049,2.36869,2.19273,0.0802484
0.26,195,aleatory,grid-30,r2,0.258772,3.15197,0.556774,0.0307633,0.134807,1.86239,2.00948,0.0731996
0.26,195,aleatory,grid-40,r2,0.258334,2.93761,0.527112,0.01,0.0984626,1.79388,1.75055,0.0247562
0.28,210,aleatory,grid-15,r2,0.24516,4.04245,0.464957,0.262699,0.476257,1.91403,1.82314,0.0498501
0.28,210,aleatory,grid-23,r2,0.263674,5.481,0.514999,0.325878,0.563818,2.25544,2.0415,0.104799
0.28,210,aleatory,grid-29,r2,0.279371,12.2783,0.539137,0.447623,0.63488,3.07325,2.82623,0.0874036
0.28,210,aleatory,grid-30,r2,0.278668,3.07707,0.501896,0.0475604,0.155075,1.93625,2.06756,0.0635078
0.28,210,aleatory,grid-40,r2,0.278279,2.93719,0.52588,0.01,0.098359,1.89721,1.84492,0.028344
0.3,225,aleatory,grid-15,r2,0.267632,3.94005,0.488217,0.244465,0.462765,2.06238,1.96961,0.0471001
0.3,225,aleatory,grid-23,r2,0.282268,4.8245,0.455592,0.24131,0.532754,2.25607,1.99579,0.130412
0.3,225,aleatory,grid-29,r2,0.299406,13.9179,0.610469,0.514834,0.669517,3.60126,3.15156,0.142691
0.3,225,aleatory,grid-30,r2,0.298752,3.1909,0.549629,0.0644528,0.190413,2.12638,2.2617,0.059831
0.3,225,aleatory,grid-40,r2,0.298086,2.9362,0.569894,0.01,0.0974636,2.03705,1.92466,0.0583915
0.32,240,aleatory,grid-15,r2,0.283883,4.03875,0.443395,0.256646,0.473244,2.14325,2.00645,0.0681802
0.32,240,aleatory,grid-23,r2,0.299935,5.80583,0.53406,0.36569,0.59842,2.62816,2.2608,0.162491
0.32,240,aleatory,grid-29,r2,0.319346,9.88701,0.488459,0.424514,0.660385,3.25669,2.98225,0.0920261
0.32,240,aleatory,grid-30,r2,0.318678,3.163,0.559397,0.0624508,0.175319,2.24895,2.33544,0.037032
0.32,240,aleatory,grid-40,r2,0.31804,2.93701,0.506353,0.01,0.0948931,2.10008,2.03181,0.0335975
0.34,255,aleatory,grid-15,r2,0.294068,4.43833,0.488966,0.310879,0.530399,2.32884,2.20115,0.0580122
0.34,255,aleatory,grid-23,r2,0.318119,5.29748,0.447138,0.2632,0.561553,2.59546,2.2755,0.140607
0.34,255,aleatory,grid-29,r2,0.339496,11.9426,0.472522,0.422422,0.738127,3.71812,3.21159,0.157718
0.34,255,aleatory,grid-30,r2,0.338718,3.24509,0.567337,0.0469933,0.152932,2.391,2.62366,0.0886758
0.34,255,aleatory,grid-40,r2,0.337906,2.93652,0.519946,0.01,0.097695,2.232,2.10321,0.0612379
0.35,263,aleatory,grid-15,r2,0.308121,4.29533,0.506357,0.317184,0.51631,2.43047,2.30718,0.0534376
0.35,263,aleatory,grid-23,r2,0.325426,6.62122,0.465065,0.342975,0.648507,2.88986,2.43479,0.186902
0.35,263,aleatory,grid-29,r2,0.350205,17.2654,0.632516,0.592601,0.742807,4.81705,4.22557,0.139979
0.35,263,aleatory,grid-30,r2,0.349266,3.34857,0.54335,0.056215,0.16884,2.47203,2.7421,0.0984909
0.35,263,aleatory,grid-40,r2,0.348543,2.93908,0.547641,0.01,0.0983345,2.32503,2.15721,0.077796
0.36,270,aleatory,grid-15,r2,0.311277,4.61126,0.499271,0.349938,0.540149,2.50124,2.30211,0.0864999
0.36,270,aleatory,grid-23,r2,0.337394,5.24148,0.483083,0.309332,0.585554,2.81052,2.60345,0.0795366
0.36,270,aleatory,grid-29,r2,0.359528,12.2028,0.471439,0.420597,0.714409,4.00912,3.6876,0.0871889
0.36,270,aleatory,grid-30,r2,0.35867,3.00635,0.496932,0.0111175,0.151401,2.39971,2.67657,0.103441
0.36,270,aleatory,grid-40,r2,0.3578,2.9374,0.531503,0.01,0.0973614,2.36629,2.20711,0.0721194
0.38,285,aleatory,grid-15,r2,0.330257,4.65821,0.51379,0.338219,0.553479,2.68628,2.32505,0.155366
0.38,285,aleatory,grid-23,r2,0.352818,6.75646,0.579441,0.431346,0.596217,3.36273,2.81348,0.195221
0.38,285,aleatory,grid-29,r2,0.379626,24.8036,0.643658,0.619245,0.803586,6.24039,6.95305,0.102495
0.38,285,aleatory,grid-30,r2,0.378562,3.43426,0.571375,0.0824455,0.179877,2.74556,2.94501,0.0677236
0.38,285,aleatory,grid-40,r2,0.377686,2.93936,0.539343,0.01,0.0997809,2.50671,2.30078,0.0895065
0.4,300,aleatory,grid-15,r2,0.34597,4.47031,0.495957,0.312242,0.521565,2.7536,2.52422,0.0908693
0.4,300,aleatory,grid-23,r2,0.371139,6.56738,0.505246,0.372565,0.625411,3.4121,2.90687,0.173806
0.4,300,aleatory,grid-29,r2,0.399695,16.3281,0.401778,0.362314,0.780854,4.88924,4.45606,0.0972119
0.4,300,aleatory,grid-30,r2,0.398552,3.42044,0.554192,0.0699728,0.173589,2.86956,3.28079,0.125345
0.42,315,aleatory,grid-15,r2,0.357057,5.29492,0.542815,0.362902,0.551801,3.08224,2.74764,0.121777
0.42,315,aleatory,grid-23,r2,0.386382,8.05034,0.501286,0.373392,0.648994,3.83666,3.38142,0.13463
0.42,315,aleatory,grid-29,r2,0.419961,27.4997,0.457304,0.433405,0.791034,6.67804,7.10786,0.0604704
0.42,315,aleatory,grid-30,r2,0.418632,3.79867,0.59967,0.0888424,0.187499,3.21157,3.4506,0.0692725
0.44,330,aleatory,grid-15,r2,0.375724,4.87437,0.470882,0.327562,0.574144,3.06786,2.82878,0.0845183
0.44,330,aleatory,grid-23,r2,0.401646,7.72094,0.52131,0.438349,0.688969,4.02708,3.45074,0.167019
0.44,330,aleatory,grid-29,r2,0.440156,36.3636,0.816701,0.790024,0.759935,9.76186,12.7542,0.234617
0.44,330,aleatory,grid-30,r2,0.438637,3.20477,0.542636,0.0499613,0.171415,3.10628,3.66802,0.153147
0.45,338,aleatory,grid-15,r2,0.376945,5.48784,0.532409,0.416023,0.60955,3.3178,2.94009,0.128468
0.45,338,aleatory,grid-23,r2,0.412913,7.17843,0.486405,0.405163,0.672711,3.97477,3.5464,0.120791
0.45,338,aleatory,grid-29,r2,0.450927,44.2145,0.79698,0.773078,0.821187,10.9623,15.4459,0.290277
0.45,338,aleatory,grid-30,r2,0.44943,3.35063,0.580369,0.0644531,0.175799,3.30393,3.9423,0.161928
