Macroporosity,Vugs,Count,Sample,Grid,R,P_Area_100,WAv_Lx,Alignment,Alignment2,Eccent,keq_simulation,WAv_ly,Lx_norm,Ly_norm,Perimeter,EquivDiameter,Major,Minor,DifMajorMinor,Av_Area,Std_area,var_Area,Std_Lx,var_Lx
0.02,35,35,aleatory,grid-10,r1,0.0197755,1.92177,0.620473,0.01,0.127489,1.04209,1.90408,0.0192177,0.0380817,0.0425501,79.6565,80.0343,79.3448,0.689509,0.0565015,17.2785,298.546,0.000261914,6.85989e-08
0.02,35,34,aleatory,grid-15,r1,0.0197524,1.98961,0.643769,0.0541397,0.155464,1.04197,1.90744,0.0198961,0.0381488,0.0441509,81.3617,84.0408,79.584,4.45685,0.0580952,767.595,589202,0.0026151,6.83875e-06
0.02,35,34,aleatory,grid-19,r1,0.0197896,1.9109,0.522315,7.83979e-05,0.163675,1.04068,2.01559,0.019109,0.0403118,0.0448387,81.5868,85.6412,79.3981,6.24308,0.0582046,865.283,748715,0.000147225,2.16753e-08
0.02,35,35,aleatory,grid-20,r1,0.0197976,1.92043,0.504823,0.01,0.123772,1.04176,1.92044,0.0192043,0.0384089,0.0425598,79.701,80.0554,79.4124,0.643029,0.0565646,18.6421,347.529,0.000191026,3.64908e-08
0.02,35,35,aleatory,grid-30,r1,0.0197662,1.91634,0.556672,0.01,0.114805,1.04147,1.90954,0.0191634,0.0381908,0.0425413,79.6376,79.9518,79.3902,0.561562,0.0564749,12.9737,168.316,0.00025416,6.45973e-08
0.04,70,66,aleatory,grid-10,r1,0.0388749,1.99511,0.608639,0.0608122,0.182276,1.09013,1.95858,0.0199511,0.0391716,0.0442946,82.0393,85.1684,79.7284,5.44002,0.0589014,833.046,693966,0.00205747,4.23317e-06
0.04,70,66,aleatory,grid-15,r1,0.0394161,1.90808,0.499898,0.000173802,0.202261,1.08445,2.06722,0.0190808,0.0413444,0.0453748,83.0162,88.0714,79.6974,8.37401,0.0597214,1067.32,1.13918e+06,0.000172851,2.98775e-08
0.04,70,64,aleatory,grid-19,r1,0.0396276,2.18084,0.62062,0.100512,0.24427,1.09088,2.01411,0.0218084,0.0402821,0.0499639,86.0604,99.5021,79.4515,20.0505,0.061918,1733.23,3.00409e+06,0.00573866,3.29322e-05
0.04,70,70,aleatory,grid-20,r1,0.0395703,1.91497,0.582795,0.01,0.115464,1.08559,1.90342,0.0191497,0.0380685,0.0425322,79.6759,79.9933,79.4264,0.566926,0.056529,16.717,279.458,0.000238342,5.68067e-08
0.04,70,70,aleatory,grid-30,r1,0.0395552,1.91567,0.551657,0.01,0.118003,1.08432,1.91428,0.0191567,0.0382856,0.0425483,79.6607,79.9898,79.398,0.591785,0.0565075,16.5051,272.418,0.000238735,5.69945e-08
0.05,87,79,aleatory,grid-10,r1,0.0482957,2.05543,0.507123,0.0625792,0.22716,1.1058,2.08207,0.0205543,0.0416413,0.0465461,84.6677,90.4408,80.9297,9.51115,0.0611338,1392.95,1.94032e+06,0.00273193,7.46343e-06
0.05,87,76,aleatory,grid-15,r1,0.0485664,2.0889,0.536482,0.0709587,0.254453,1.1093,2.18558,0.020889,0.0437116,0.0501134,88.1954,96.8697,83.593,13.2768,0.0639032,2013.84,4.05554e+06,0.00341098,1.16348e-05
0.05,87,75,aleatory,grid-19,r1,0.0493086,2.24341,0.54415,0.100458,0.304507,1.11077,2.2837,0.0224341,0.0456741,0.0560402,90.8917,109.614,83.9987,25.6157,0.0657448,2501.68,6.2584e+06,0.0057244,3.27687e-05
0.05,87,87,aleatory,grid-20,r1,0.0492426,1.91984,0.578895,0.01,0.122721,1.10985,1.91547,0.0191984,0.0383094,0.0426372,79.7267,80.0807,79.439,0.641687,0.0566007,22.3589,499.919,0.000249227,6.21143e-08
0.05,87,87,aleatory,grid-30,r1,0.0491599,1.91846,0.57687,0.01,0.119226,1.10619,1.91053,0.0191846,0.0382105,0.0425918,79.6594,80.0031,79.3818,0.621349,0.0565056,16.7541,280.701,0.000225679,5.0931e-08
0.06,105,97,aleatory,grid-10,r1,0.0579381,2.04,0.52455,0.0718079,0.196188,1.13033,2.00463,0.0204,0.0400925,0.0452777,83.3147,87.8825,80.3039,7.57861,0.05973,1219.4,1.48694e+06,0.00284593,8.09934e-06
0.06,105,97,aleatory,grid-15,r1,0.0589857,1.93701,0.445957,0.018367,0.222383,1.12845,2.09866,0.0193701,0.0419731,0.0462992,84.1086,90.7412,79.7875,10.9537,0.06081,1232.17,1.51825e+06,0.00155471,2.41714e-06
0.06,105,92,aleatory,grid-19,r1,0.0594677,2.32808,0.597665,0.148445,0.29336,1.14519,2.07416,0.0232808,0.0414832,0.0537814,89.2307,107.589,80.9418,26.6469,0.0646388,2189.66,4.79461e+06,0.00691882,4.787e-05
0.06,105,105,aleatory,grid-20,r1,0.0594391,1.92248,0.580481,0.01,0.125496,1.13896,1.91181,0.0192248,0.0382362,0.0426911,79.7322,80.1038,79.4267,0.677061,0.0566087,21.2672,452.295,0.000235861,5.56303e-08
0.06,105,105,aleatory,grid-30,r1,0.0593313,1.91929,0.574806,0.01,0.115849,1.12888,1.91362,0.0191929,0.0382724,0.0425638,79.6597,79.9866,79.399,0.587599,0.056506,18.6534,347.951,0.000239226,5.72292e-08
0.08,140,128,aleatory,grid-10,r1,0.0770307,2.03947,0.555415,0.0667412,0.200917,1.17942,2.01672,0.0203947,0.0403344,0.0455129,83.6887,87.9753,80.7852,7.19017,0.0601803,1241.12,1.54038e+06,0.00276194,7.62829e-06
0.08,140,121,aleatory,grid-15,r1,0.0780971,2.18525,0.549816,0.140916,0.29246,1.1879,2.10311,0.0218525,0.0420623,0.0503237,88.4968,100.147,81.8213,18.326,0.064543,1988.89,3.95569e+06,0.00478481,2.28944e-05
0.08,140,120,aleatory,grid-19,r1,0.0793329,2.22816,0.565527,0.132821,0.317434,1.19123,2.22313,0.0222816,0.0444626,0.0545976,90.2254,107.453,82.8904,24.5627,0.0661107,2207.24,4.8719e+06,0.00527795,2.78568e-05
0.08,140,140,aleatory,grid-20,r1,0.0792104,1.91856,0.601537,0.01,0.121645,1.18342,1.91364,0.0191856,0.0382728,0.0426506,79.7112,80.0639,79.4249,0.638991,0.0565789,21.656,468.984,0.000228601,5.22585e-08
0.08,140,140,aleatory,grid-30,r1,0.0790893,1.91669,0.555248,0.01,0.11852,1.17572,1.91294,0.0191669,0.0382587,0.0425638,79.6502,79.9885,79.3769,0.611562,0.0564924,18.9336,358.48,0.000234644,5.5058e-08
0.1,175,153,aleatory,grid-10,r1,0.0959147,2.12267,0.543814,0.116388,0.265161,1.22245,2.10543,0.0212267,0.0421087,0.047453,86.05,94.401,80.4861,13.9149,0.0626894,1526.16,2.32917e+06,0.00346083,1.19774e-05
0.1,175,153,aleatory,grid-15,r1,0.0977746,2.12011,0.545643,0.0856512,0.264955,1.2353,2.1857,0.0212011,0.043714,0.0506485,88.5113,98.5576,83.2503,15.3072,0.063905,2128.33,4.52977e+06,0.00396696,1.57368e-05
0.1,175,140,aleatory,grid-19,r1,0.0992981,2.28517,0.504923,0.160549,0.395967,1.24258,2.41512,0.0228517,0.0483023,0.0592301,94.3786,119.633,83.1694,36.464,0.0709272,2581.32,6.6632e+06,0.00589202,3.4716e-05
0.1,175,175,aleatory,grid-20,r1,0.0990565,1.92124,0.574229,0.01,0.121842,1.24436,1.91689,0.0192124,0.0383378,0.042641,79.7286,80.0836,79.4396,0.644014,0.0566037,20.0971,403.892,0.000240368,5.77766e-08
0.1,175,175,aleatory,grid-30,r1,0.0988374,1.91729,0.560417,0.01,0.122911,1.22939,1.90738,0.0191729,0.0381476,0.0425433,79.6404,79.9999,79.3457,0.654139,0.0564785,18.441,340.07,0.000245926,6.04798e-08
0.12,210,177,aleatory,grid-10,r1,0.114866,2.1921,0.523676,0.109519,0.286391,1.2833,2.21682,0.021921,0.0443363,0.0500841,88.9059,98.9901,82.7693,16.2208,0.0648963,2038.84,4.15689e+06,0.00395448,1.56379e-05
0.12,210,182,aleatory,grid-15,r1,0.117264,2.11646,0.56968,0.122934,0.294181,1.29418,2.12658,0.0211646,0.0425317,0.0496482,87.9216,99.2224,81.0038,18.2186,0.0644307,1799.13,3.23688e+06,0.00405594,1.64507e-05
0.12,210,146,aleatory,grid-19,r1,0.119331,2.81115,0.527213,0.250856,0.482619,1.33375,2.73127,0.0281115,0.0546253,0.0768259,107.019,143.768,94.7558,49.0127,0.0817338,4365.82,1.90604e+07,0.00933545,8.71506e-05
0.12,210,210,aleatory,grid-20,r1,0.118923,1.92021,0.555304,0.01,0.11926,1.30069,1.91728,0.0192021,0.0383457,0.0426914,79.7471,80.0894,79.4714,0.617995,0.0566298,20.9599,439.319,0.000230527,5.31425e-08
0.12,210,210,aleatory,grid-30,r1,0.118624,1.91736,0.558609,0.01,0.114206,1.28167,1.90932,0.0191736,0.0381863,0.0425554,79.6468,79.9628,79.3968,0.565995,0.0564877,17.3343,300.478,0.000234264,5.48798e-08
0.14,245,190,aleatory,grid-10,r1,0.131438,2.40937,0.550529,0.173915,0.355838,1.37249,2.34014,0.0240937,0.0468028,0.055302,94.3934,110.683,85.3246,25.3584,0.0691779,2943.43,8.6638e+06,0.00595435,3.54543e-05
0.14,245,197,aleatory,grid-15,r1,0.135762,2.26944,0.54743,0.181951,0.37126,1.35972,2.21069,0.0226944,0.0442139,0.0533984,92.2002,108.668,82.391,26.277,0.0689147,2296.54,5.27411e+06,0.00568741,3.23467e-05
0.14,245,172,aleatory,grid-19,r1,0.139137,2.97313,0.523826,0.233548,0.427845,1.40316,2.96795,0.0297313,0.0593591,0.0864935,111.186,154.514,102.168,52.3455,0.0808935,5329.88,2.84076e+07,0.010125,0.000102515
0.14,245,245,aleatory,grid-20,r1,0.138815,1.92141,0.554773,0.01,0.122688,1.37045,1.91996,0.0192141,0.0383992,0.0427219,79.7677,80.1284,79.4729,0.655482,0.056659,22.6254,511.909,0.000257616,6.63658e-08
0.14,245,245,aleatory,grid-30,r1,0.138394,1.91849,0.595932,0.01,0.118941,1.33615,1.91072,0.0191849,0.0382144,0.0425508,79.6465,79.9851,79.3731,0.611963,0.0564873,17.8043,316.992,0.000241896,5.85139e-08
0.15,262,208,aleatory,grid-10,r1,0.140673,2.25004,0.546834,0.165059,0.345372,1.37791,2.27576,0.0225004,0.0455152,0.051634,91.1187,104.513,82.5609,21.9517,0.0676311,2215.13,4.90678e+06,0.0044382,1.96976e-05
0.15,262,198,aleatory,grid-15,r1,0.144484,2.36619,0.544725,0.20958,0.415329,1.39438,2.32044,0.0236619,0.0464088,0.0566651,95.83,115.627,84.5229,31.1041,0.0729717,2670.18,7.12984e+06,0.00623951,3.89315e-05
0.15,262,159,aleatory,grid-19,r1,0.149053,3.40702,0.541393,0.33269,0.566363,1.49829,3.19147,0.0340702,0.0638295,0.0987671,120.605,181.148,103.647,77.5014,0.0937438,6237.24,3.89032e+07,0.0132675,0.000176027
0.15,262,262,aleatory,grid-20,r1,0.148557,1.92461,0.589349,0.01,0.122456,1.42565,1.91906,0.0192461,0.0383812,0.0427157,79.7973,80.1554,79.5051,0.650232,0.0567011,22.3763,500.7,0.000233308,5.44328e-08
0.15,262,262,aleatory,grid-30,r1,0.147955,1.91859,0.590001,0.01,0.117273,1.36654,1.90906,0.0191859,0.0381813,0.042528,79.6354,79.9655,79.3706,0.594917,0.0564715,17.4164,303.331,0.000226317,5.12195e-08
0.16,280,217,aleatory,grid-10,r1,0.14888,2.33612,0.582052,0.192977,0.358447,1.4091,2.27598,0.0233612,0.0455195,0.0530861,92.6094,107.242,83.7481,23.4938,0.0686083,2512.52,6.31274e+06,0.00527888,2.78665e-05
0.16,280,201,aleatory,grid-15,r1,0.153721,2.48995,0.517803,0.201332,0.427124,1.41096,2.60396,0.0248995,0.0520792,0.063466,101.704,124.211,90.3201,33.8912,0.0764779,3758.79,1.41285e+07,0.00654585,4.28481e-05
0.16,280,165,aleatory,grid-19,r1,0.159342,3.48372,0.528502,0.335941,0.560753,1.53739,3.34639,0.0348372,0.0669278,0.105365,124.209,188.806,109.906,78.9002,0.096571,6765.6,4.57733e+07,0.0132519,0.000175612
0.16,280,280,aleatory,grid-20,r1,0.158753,1.92478,0.586515,0.01,0.122923,1.45186,1.9166,0.0192478,0.038332,0.042728,79.7948,80.1594,79.4963,0.663091,0.0566975,21.8497,477.408,0.000241807,5.84709e-08
0.16,280,280,aleatory,grid-30,r1,0.15819,1.91856,0.556302,0.01,0.114112,1.39902,1.91058,0.0191856,0.0382116,0.0425672,79.6531,79.9661,79.4054,0.560753,0.0564965,18.8242,354.351,0.000237784,5.65413e-08
0.18,315,233,aleatory,grid-10,r1,0.165997,2.3596,0.53752,0.196208,0.381535,1.46968,2.35134,0.023596,0.0470269,0.0541595,94.3753,109.667,85.1193,24.5473,0.0712432,2539.62,6.44968e+06,0.00532633,2.83698e-05
0.18,315,229,aleatory,grid-15,r1,0.173228,2.50369,0.570165,0.242734,0.431441,1.50056,2.42279,0.0250369,0.0484558,0.0610248,99.6947,121.963,88.0779,33.885,0.0756454,3328.32,1.10777e+07,0.00686674,4.71521e-05
0.18,315,172,aleatory,grid-19,r1,0.179398,3.48567,0.416423,0.248174,0.613087,1.57177,4.19179,0.0348567,0.0838359,0.128957,135.611,209.948,120.142,89.8068,0.104301,8687.18,7.54672e+07,0.0123324,0.000152089
0.18,315,315,aleatory,grid-20,r1,0.178633,1.92279,0.532496,0.01,0.125024,1.49831,1.91983,0.0192279,0.0383967,0.0427037,79.8029,80.1799,79.4917,0.688204,0.0567089,23.9408,573.161,0.000242668,5.88879e-08
0.18,315,315,aleatory,grid-30,r1,0.177884,1.92065,0.57078,0.01,0.114092,1.45784,1.91227,0.0192065,0.0382454,0.0425494,79.635,79.9478,79.387,0.560798,0.056471,18.215,331.786,0.000239607,5.74115e-08
0.2,350,254,aleatory,grid-10,r1,0.183351,2.43907,0.533729,0.191775,0.395632,1.52208,2.44642,0.0243907,0.0489284,0.0571102,96.943,116.17,86.2521,29.9174,0.0721854,3143.1,9.87907e+06,0.00607789,3.69407e-05
0.2,350,236,aleatory,grid-15,r1,0.191152,2.69795,0.55279,0.261099,0.458344,1.58855,2.59857,0.0269795,0.0519714,0.0677045,106.103,132.796,93.2826,39.5133,0.0809964,4248.9,1.80532e+07,0.0081594,6.65759e-05
0.2,350,189,aleatory,grid-19,r1,0.199298,3.89284,0.544143,0.349348,0.579353,1.72817,3.71805,0.0389284,0.0743611,0.119756,132.656,200.902,121.299,79.6026,0.105449,7880.55,6.2103e+07,0.0150762,0.000227291
0.2,350,350,aleatory,grid-20,r1,0.19852,1.9248,0.568106,0.01,0.123943,1.60317,1.92159,0.019248,0.0384318,0.0427449,79.8108,80.1759,79.5111,0.664812,0.05672,25.3438,642.307,0.000244836,5.99445e-08
0.2,350,350,aleatory,grid-30,r1,0.19765,1.92008,0.580736,0.01,0.112085,1.52175,1.91017,0.0192008,0.0382034,0.0425296,79.6355,79.9413,79.395,0.546383,0.0564716,18.9418,358.79,0.000245272,6.01585e-08
0.22,385,275,aleatory,grid-10,r1,0.202329,2.53334,0.541268,0.217879,0.404053,1.6235,2.47281,0.0253334,0.0494562,0.0593589,98.6759,117.679,89.0424,28.6366,0.0735741,3446.63,1.18792e+07,0.00675567,4.56391e-05
0.22,385,245,aleatory,grid-15,r1,0.20939,2.79484,0.537971,0.28053,0.501591,1.67007,2.72815,0.0279484,0.054563,0.070837,109.396,141.841,93.6413,48.1995,0.0854652,4496.73,2.02206e+07,0.00894754,8.00584e-05
0.22,385,187,aleatory,grid-19,r1,0.219461,4.96847,0.565548,0.391007,0.609249,1.96774,4.46416,0.0496847,0.0892833,0.174699,156.047,251.03,147.85,103.18,0.117359,11824.7,1.39824e+08,0.0204088,0.000416519
0.22,385,385,aleatory,grid-20,r1,0.218507,1.92527,0.575812,0.01,0.12548,1.72545,1.92185,0.0192527,0.0384371,0.0427428,79.8353,80.2116,79.5249,0.68676,0.056755,23.025,530.151,0.000236985,5.61617e-08
0.22,385,385,aleatory,grid-30,r1,0.217427,1.92147,0.556563,0.01,0.116218,1.58788,1.91474,0.0192147,0.0382948,0.0425414,79.6375,79.9587,79.3808,0.577933,0.0564744,18.9928,360.725,0.000228815,5.23564e-08
0.24,420,289,aleatory,grid-10,r1,0.217557,2.50649,0.539084,0.236427,0.439175,1.69788,2.48192,0.0250649,0.0496384,0.0577686,98.4541,118.702,86.5192,32.1823,0.0752793,3080.13,9.4872e+06,0.00620518,3.85042e-05
0.24,420,258,aleatory,grid-15,r1,0.227715,3.07233,0.527739,0.268337,0.47512,1.74507,3.11627,0.0307233,0.0623254,0.0842005,118.11,151.942,106.913,45.029,0.0882617,6226.33,3.87672e+07,0.0101047,0.000102106
0.24,420,192,aleatory,grid-19,r1,0.239477,5.07117,0.512375,0.380794,0.635395,2.00014,5.39831,0.0507117,0.107966,0.200973,164.572,285.475,162.176,123.299,0.124728,13503.3,1.82339e+08,0.0193644,0.000374981
0.24,420,420,aleatory,grid-20,r1,0.238433,1.92634,0.568008,0.01,0.126271,1.76223,1.92384,0.0192634,0.0384768,0.0427937,79.8457,80.2253,79.5315,0.693815,0.0567698,23.1516,535.996,0.00023327,5.44151e-08
0.24,420,420,aleatory,grid-30,r1,0.237107,1.92019,0.560039,0.01,0.11242,1.65102,1.91012,0.0192019,0.0382024,0.0424907,79.6231,79.9299,79.3809,0.54897,0.056454,18.5079,342.542,0.000245605,6.03217e-08
0.25,437,291,aleatory,grid-10,r1,0.225091,2.74117,0.552858,0.252153,0.440958,1.73559,2.62016,0.0274117,0.0524032,0.0638126,103.453,129.352,89.941,39.4109,0.0773509,4095.55,1.67736e+07,0.00815332,6.64766e-05
0.25,437,264,aleatory,grid-15,r1,0.236852,3.05036,0.538321,0.300301,0.542529,1.83019,2.96178,0.0305036,0.0592356,0.0791382,115.374,159.177,95.3116,63.8652,0.0897167,5471.65,2.9939e+07,0.0108184,0.000117038
0.25,437,173,aleatory,grid-19,r1,0.249364,5.36653,0.50481,0.387819,0.660656,2.24199,5.37044,0.0536653,0.107409,0.200247,171.894,291.933,160.388,131.544,0.144141,13715.9,1.88126e+08,0.0220047,0.000484209
0.25,437,437,aleatory,grid-20,r1,0.248068,1.92692,0.567553,0.01,0.124669,1.85364,1.92342,0.0192692,0.0384684,0.0428091,79.8432,80.2121,79.5402,0.671932,0.0567662,23.613,557.573,0.000239945,5.75736e-08
0.25,437,437,aleatory,grid-30,r1,0.246692,1.9209,0.568914,0.01,0.11341,1.68915,1.91219,0.019209,0.0382438,0.0424914,79.6211,79.9328,79.374,0.558872,0.0564512,18.2807,334.186,0.000253311,6.41663e-08
0.26,455,307,aleatory,grid-10,r1,0.234736,2.48989,0.51946,0.235466,0.452728,1.77588,2.55605,0.0248989,0.051121,0.0590887,99.8334,121.69,87.0858,34.6039,0.0764613,3278.49,1.07485e+07,0.00606084,3.67338e-05
0.26,455,251,aleatory,grid-15,r1,0.245024,3.31457,0.521291,0.312781,0.576478,1.936,3.28307,0.0331457,0.0656614,0.0912753,124.404,174.427,105.386,69.0415,0.0976192,6827.93,4.66206e+07,0.011935,0.000142444
0.26,455,178,aleatory,grid-19,r1,0.25969,5.99694,0.546779,0.427382,0.695291,2.40618,5.21431,0.0599694,0.104286,0.206273,174.512,324.279,152.643,171.636,0.145893,14083.4,1.98343e+08,0.0266202,0.000708637
0.26,455,455,aleatory,grid-20,r1,0.258526,1.92897,0.564193,0.01,0.125717,1.89325,1.92488,0.0192897,0.0384976,0.0427975,79.8802,80.2569,79.5694,0.687461,0.0568189,22.7548,517.783,0.000229793,5.2805e-08
0.26,455,455,aleatory,grid-30,r1,0.256811,1.92068,0.57862,0.01,0.114759,1.73094,1.91133,0.0192068,0.0382266,0.0424732,79.6146,79.9318,79.3616,0.570261,0.0564419,19.0292,362.111,0.000238851,5.70499e-08
0.28,490,301,aleatory,grid-10,r1,0.246902,2.73555,0.546471,0.313151,0.49409,1.83501,2.61159,0.0273555,0.0522317,0.0634718,104.813,130.193,90.625,39.5676,0.0820271,3843.08,1.47693e+07,0.00777846,6.05044e-05
0.28,490,279,aleatory,grid-15,r1,0.264515,3.29269,0.558258,0.341391,0.543013,2.05295,3.19525,0.0329269,0.0639049,0.0879718,122.092,168.887,104.191,64.6961,0.0948081,6488.98,4.21069e+07,0.0116432,0.000135563
0.28,490,198,aleatory,grid-19,r1,0.279561,5.23372,0.532835,0.414298,0.663081,2.4134,5.10762,0.0523372,0.102152,0.192982,167.99,278.433,159.317,119.116,0.141193,13175.7,1.736e+08,0.0214283,0.000459171
0.28,490,490,aleatory,grid-20,r1,0.278512,1.92945,0.562255,0.01,0.123124,2.04408,1.92636,0.0192945,0.0385273,0.0428312,79.8946,80.2567,79.5978,0.658924,0.0568392,25.7369,662.385,0.000234022,5.47661e-08
0.28,490,490,aleatory,grid-30,r1,0.27632,1.91833,0.553313,0.01,0.10874,1.80376,1.91036,0.0191833,0.0382073,0.0424357,79.5793,79.8693,79.3529,0.516415,0.0563919,19.7688,390.807,0.000267695,7.16605e-08
0.3,525,321,aleatory,grid-10,r1,0.265748,2.85827,0.526966,0.258634,0.486966,1.94408,2.85388,0.0285827,0.0570776,0.0694014,108.818,140.842,93.9984,46.8441,0.0827874,4772.93,2.27808e+07,0.0086447,7.47308e-05
0.3,525,276,aleatory,grid-15,r1,0.281691,3.50109,0.54723,0.345145,0.578856,2.1522,3.34575,0.0350109,0.066915,0.0962672,128.42,181.279,108.676,72.6027,0.102062,7342.76,5.39161e+07,0.0128979,0.000166357
0.3,525,147,aleatory,grid-19,r1,0.30024,7.26832,0.485481,0.412186,0.717989,2.84667,7.1951,0.0726832,0.143902,0.331754,219.514,394.713,219.955,174.757,0.204245,22691.2,5.14891e+08,0.0303663,0.00092211
0.3,525,525,aleatory,grid-20,r1,0.298535,1.93183,0.565111,0.01,0.126094,2.1991,1.92874,0.0193183,0.0385748,0.0428879,79.9119,80.2891,79.6002,0.688907,0.0568638,24.5017,600.333,0.000220986,4.88348e-08
0.3,525,525,aleatory,grid-30,r1,0.295861,1.91792,0.56927,0.01,0.109029,1.88207,1.90854,0.0191792,0.0381709,0.0423669,79.5529,79.8436,79.325,0.518534,0.0563545,18.5037,342.387,0.000265957,7.07329e-08
0.32,560,326,aleatory,grid-10,r1,0.281818,2.94592,0.508469,0.262225,0.529005,2.07179,3.01227,0.0294592,0.0602454,0.0736166,112.455,149.073,95.078,53.9953,0.0864473,5254.82,2.76132e+07,0.00899795,8.09631e-05
0.32,560,282,aleatory,grid-15,r1,0.299283,3.51225,0.515668,0.316401,0.567106,2.25599,3.52407,0.0351225,0.0704813,0.0988285,132.523,183.834,114.375,69.4595,0.106129,7716.45,5.95436e+07,0.0128818,0.00016594
0.32,560,125,aleatory,grid-19,r1,0.32054,8.1975,0.527918,0.471361,0.768611,3.32354,8.498,0.081975,0.16996,0.404984,246.289,473.665,244.482,229.184,0.256432,28088.3,7.88955e+08,0.0342785,0.00117502
0.32,560,560,aleatory,grid-20,r1,0.318546,1.93094,0.579714,0.01,0.127012,2.32723,1.92596,0.0193094,0.0385191,0.0428745,79.9254,80.3095,79.6069,0.70257,0.0568832,23.8834,570.416,0.000219154,4.80286e-08
0.34,595,318,aleatory,grid-10,r1,0.293456,3.03196,0.530474,0.324165,0.546361,2.12092,3.06406,0.0303196,0.0612813,0.0757713,116.228,151.215,100.12,51.0944,0.0922818,5445.75,2.96562e+07,0.0093061,8.66036e-05
0.34,595,267,aleatory,grid-15,r1,0.315965,3.99853,0.51188,0.346589,0.607396,2.48878,4.05227,0.0399853,0.0810454,0.119851,145.846,208.988,125.463,83.5251,0.118339,9834.11,9.67097e+07,0.0147022,0.000216154
0.34,595,132,aleatory,grid-19,r1,0.340636,10.951,0.559584,0.50654,0.772645,4.02809,9.32046,0.10951,0.186409,0.584193,284.361,584.661,276.968,307.693,0.258058,37238.2,1.38669e+09,0.0430883,0.0018566
0.34,595,595,aleatory,grid-20,r1,0.33855,1.93301,0.578871,0.01,0.125085,2.51927,1.92955,0.0193301,0.038591,0.0429061,79.9367,80.3116,79.627,0.684562,0.0568992,23.8404,568.365,0.000203908,4.15783e-08
0.35,612,347,aleatory,grid-10,r1,0.306935,2.85895,0.503975,0.299586,0.537275,2.16812,2.96036,0.0285895,0.0592072,0.0696141,110.978,144.501,93.6485,50.8523,0.0884538,4560.96,2.08024e+07,0.00821755,6.75282e-05
0.35,612,258,aleatory,grid-15,r1,0.32318,4.17915,0.510054,0.362929,0.636748,2.45883,4.22185,0.0417915,0.084437,0.124372,151.669,225.032,127.082,97.9492,0.125264,10481.3,1.09857e+08,0.0157626,0.000248458
0.35,612,137,aleatory,grid-19,r1,0.350349,11.0017,0.534125,0.485541,0.739479,4.10537,10.4339,0.110017,0.208678,0.609699,293.093,572.686,302.024,270.662,0.255729,38285.5,1.46578e+09,0.0425699,0.0018122
0.35,612,612,aleatory,grid-20,r1,0.348226,1.93159,0.566824,0.01,0.127172,2.53154,1.92929,0.0193159,0.0385859,0.0428754,79.937,80.32,79.6191,0.700866,0.0568996,23.7019,561.78,0.000222861,4.96669e-08
0.36,630,338,aleatory,grid-10,r1,0.311124,3.09812,0.501648,0.28048,0.542331,2.22576,3.27346,0.0309812,0.0654692,0.0817555,119.937,161.078,102.213,58.8649,0.0920485,6390.48,4.08383e+07,0.00957882,9.17537e-05
0.36,630,280,aleatory,grid-15,r1,0.334506,4.26049,0.526521,0.369265,0.618402,2.74803,4.10038,0.0426049,0.0820076,0.127395,149.279,223.001,129.336,93.6651,0.119466,10531.6,1.10915e+08,0.0161056,0.000259391
0.36,630,126,aleatory,grid-19,r1,0.36088,12.0507,0.570478,0.530441,0.732475,4.08898,10.5289,0.120507,0.210578,0.694556,313.165,580.726,339.055,241.67,0.286412,43443.3,1.88732e+09,0.045698,0.00208831
0.36,630,630,aleatory,grid-20,r1,0.358642,1.93314,0.58043,0.01,0.126489,2.70304,1.92913,0.0193314,0.0385825,0.0429145,79.9565,80.3396,79.6384,0.701143,0.0569274,23.8817,570.337,0.000209534,4.39043e-08
0.38,665,357,aleatory,grid-10,r1,0.326554,3.07901,0.547973,0.342009,0.566336,2.4179,2.8944,0.0307901,0.0578881,0.0726601,113.841,151.363,94.7448,56.6185,0.0914717,5002.78,2.50279e+07,0.0100261,0.000100523
0.38,665,269,aleatory,grid-15,r1,0.351337,4.41001,0.500835,0.373005,0.64622,2.85542,4.5207,0.0441001,0.0904139,0.137482,157.062,234.647,136.371,98.2761,0.130608,11471.9,1.31605e+08,0.0167901,0.000281908
0.38,665,131,aleatory,grid-19,r1,0.380958,12.2139,0.438898,0.377181,0.73398,4.61488,12.5892,0.122139,0.251785,0.74009,331.705,656.928,349.637,307.291,0.290808,45461.5,2.06675e+09,0.0471525,0.00222336
0.38,665,665,aleatory,grid-20,r1,0.3786,1.93337,0.592969,0.01,0.126229,2.8722,1.93,0.0193337,0.0385999,0.0429369,79.9599,80.3396,79.6456,0.693995,0.0569323,23.2279,539.537,0.000207517,4.30634e-08
0.4,700,377,aleatory,grid-10,r1,0.346434,3.0319,0.547374,0.342516,0.552079,2.50546,2.91112,0.030319,0.0582225,0.0725469,113.938,147.963,96.7837,51.179,0.0918923,4909.13,2.40996e+07,0.00951882,9.06079e-05
0.4,700,279,aleatory,grid-15,r1,0.369375,4.71698,0.522879,0.383346,0.65527,3.02355,4.63238,0.0471698,0.0926476,0.149071,162.934,250.343,135.834,114.509,0.132392,12687.2,1.60964e+08,0.0182407,0.000332722
0.4,700,88,aleatory,grid-19,r1,0.401569,19.4573,0.40892,0.37752,0.753585,0,23.0732,0.194573,0.461463,2.39338,561.775,1102.27,645.864,456.402,0.456328,111925,1.25273e+10,0.0570575,0.00325555
0.4,700,700,aleatory,grid-20,r1,0.398748,1.93371,0.562968,0.01,0.126766,2.94852,1.93134,0.0193371,0.0386269,0.0429391,79.9822,80.3665,79.6627,0.703787,0.056964,24.0645,579.098,0.000217976,4.75134e-08
0.42,735,364,aleatory,grid-10,r1,0.356274,3.28229,0.506553,0.306938,0.571887,2.6096,3.42224,0.0328229,0.0684448,0.0863353,125.124,170.388,104.457,65.9317,0.0978776,6998.33,4.89766e+07,0.0104876,0.00010999
0.42,735,283,aleatory,grid-15,r1,0.387137,4.51029,0.487616,0.361086,0.653116,3.12931,4.71235,0.0451029,0.0942471,0.144155,162.259,239.871,143.601,96.2695,0.136798,12178.6,1.48317e+08,0.0174593,0.000304826
0.42,735,77,aleatory,grid-19,r1,0.421947,22.6131,0.707998,0.675487,0.723994,0,16.3153,0.226131,0.326305,1.76662,525.933,1029.05,583.85,445.205,0.547983,101456,1.02934e+10,0.0816707,0.0066701
0.42,735,735,aleatory,grid-20,r1,0.41871,1.93415,0.577207,0.01,0.126654,3.23807,1.93167,0.0193415,0.0386333,0.0429604,79.9845,80.3694,79.665,0.704459,0.0569674,23.2685,541.424,0.000207451,4.30357e-08
0.44,770,366,aleatory,grid-10,r1,0.374086,3.59241,0.519398,0.327658,0.584054,2.92284,3.4303,0.0359241,0.068606,0.0919852,128.548,177.61,108.138,69.4714,0.102209,7447.47,5.54648e+07,0.0127563,0.000162723
0.44,770,254,aleatory,grid-15,r1,0.402568,5.76803,0.50306,0.388868,0.700837,3.7562,6.17918,0.0576803,0.123584,0.216596,195.713,325.784,165.763,160.021,0.158491,18549.2,3.44072e+08,0.0220956,0.000488215
0.44,770,73,aleatory,grid-19,r1,0.44228,34.3557,0.63421,0.611321,0.684373,0,30.0659,0.343557,0.601318,6.09361,904.035,1569.79,1131.83,437.957,0.605863,213877,4.57433e+10,0.0787495,0.00620148
0.44,770,770,aleatory,grid-20,r1,0.438806,1.93603,0.588823,0.01,0.127263,3.51789,1.93302,0.0193603,0.0386604,0.0429691,79.9989,80.384,79.6784,0.705693,0.0569878,23.6882,561.132,0.000201942,4.07806e-08
0.45,787,373,aleatory,grid-10,r1,0.381441,3.56953,0.53394,0.358846,0.581915,2.96307,3.44997,0.0356953,0.0689995,0.0926662,129.408,176.121,110.767,65.3545,0.102263,7520.09,5.65517e+07,0.0123381,0.000152229
0.45,787,243,aleatory,grid-15,r1,0.409739,6.27314,0.517592,0.401586,0.642075,3.93762,6.11111,0.0627314,0.122222,0.239238,208.412,319.578,198.642,120.937,0.168617,20422.5,4.17079e+08,0.0240893,0.000580295
0.45,787,51,aleatory,grid-19,r1,0.45233,74.2609,0.817521,0.801575,0.856558,0,38.7127,0.742609,0.774254,13.9343,1462.42,3374.58,1551.58,1823.01,0.886923,398259,1.5861e+11,0.1398,0.0195441
0.45,787,787,aleatory,grid-20,r1,0.448611,1.93617,0.583747,0.01,0.124821,3.51103,1.93382,0.0193617,0.0386765,0.0429792,80.0092,80.3834,79.6999,0.683481,0.0570026,22.8427,521.788,0.000204279,4.17297e-08
0.02,15,14,aleatory,grid-15,r2,0.0196202,3.11723,0.509977,0.0624495,0.203031,1.04157,3.09456,0.0311723,0.0618913,0.0690791,127.272,135.066,121.91,13.1561,0.140144,2645.88,7.00066e+06,0.00393299,1.54684e-05
0.02,15,13,aleatory,grid-23,r2,0.0195566,3.21043,0.658502,0.127433,0.287336,1.04387,3.20768,0.0321043,0.0641535,0.0744572,133.557,150.899,122.347,28.5516,0.150435,3886.11,1.51019e+07,0.00637578,4.06506e-05
0.02,15,14,aleatory,grid-29,r2,0.0198341,3.30095,0.569658,0.133508,0.222034,1.04439,2.91272,0.0330095,0.0582544,0.0726294,128.612,142.217,121.473,20.7442,0.141672,3133.64,9.81967e+06,0.0076686,5.88074e-05
0.02,15,15,aleatory,grid-30,r2,0.0198557,2.93175,0.483604,0.01,0.0989447,1.04552,2.93967,0.0293175,0.0587933,0.0650635,121.923,122.269,121.623,0.645209,0.132371,23.7152,562.41,0.000252404,6.3708e-08
0.02,15,15,aleatory,grid-40,r2,0.0198553,2.92699,0.476427,0.01,0.116286,1.04191,2.92857,0.0292699,0.0585714,0.0649941,121.922,122.375,121.515,0.859643,0.132369,32.148,1033.5,0.000167555,2.80747e-08
0.04,30,29,aleatory,grid-15,r2,0.0394687,3.02831,0.419095,0.030845,0.141066,1.08661,3.00156,0.0302831,0.0600312,0.0670279,124.563,128.565,121.803,6.76221,0.136099,1828.49,3.34339e+06,0.00282478,7.97937e-06
0.04,30,25,aleatory,grid-23,r2,0.0389384,3.35884,0.534971,0.106983,0.289176,1.08579,3.63647,0.0335884,0.0727294,0.0836844,141.634,164.311,128.738,35.573,0.155754,6706.12,4.4972e+07,0.00641722,4.11807e-05
0.04,30,26,aleatory,grid-29,r2,0.039694,3.69246,0.47358,0.0869793,0.272096,1.08883,3.49315,0.0369246,0.0698629,0.0921133,141.717,171.178,131.096,40.0826,0.152669,7224.32,5.21908e+07,0.0113786,0.000129472
0.04,30,30,aleatory,grid-30,r2,0.0396849,2.93095,0.445219,0.01,0.107769,1.08351,2.93414,0.0293095,0.0586827,0.0649048,121.883,122.289,121.521,0.768266,0.132283,29.3052,858.792,0.000210652,4.43741e-08
0.04,30,30,aleatory,grid-40,r2,0.03972,2.92539,0.497277,0.01,0.108569,1.08743,2.93015,0.0292539,0.058603,0.0649872,121.937,122.335,121.582,0.752788,0.1324,26.7406,715.057,0.000204849,4.19631e-08
0.05,38,35,aleatory,grid-15,r2,0.0493188,3.04325,0.345158,0.000152227,0.17041,1.10253,3.18678,0.0304325,0.0637355,0.070716,128.893,134.302,125.833,8.46936,0.140911,3506.25,1.22938e+07,0.0025286,6.3938e-06
0.05,38,34,aleatory,grid-23,r2,0.0496772,3.04314,0.471785,0.050314,0.238589,1.10859,3.37009,0.0304314,0.0674018,0.0742748,132.498,150.229,122.093,28.1359,0.146109,4255.38,1.81082e+07,0.00397267,1.57821e-05
0.05,38,30,aleatory,grid-29,r2,0.0503407,3.90602,0.60582,0.224769,0.339854,1.12184,3.59819,0.0390602,0.0719637,0.0985264,148.595,181.691,140.827,40.8632,0.167802,7529.78,5.66975e+07,0.0109652,0.000120235
0.05,38,37,aleatory,grid-30,r2,0.0503079,3.094,0.635163,0.0526032,0.145403,1.12877,2.92292,0.03094,0.0584585,0.0684898,124.59,130.58,121.617,8.9622,0.135967,1919.84,3.68578e+06,0.00496392,2.46405e-05
0.05,38,38,aleatory,grid-40,r2,0.0502921,2.93923,0.486878,0.01,0.105886,1.1103,2.93107,0.0293923,0.0586215,0.0649263,121.913,122.307,121.561,0.745831,0.132348,34.7796,1209.62,0.000172382,2.97155e-08
0.06,45,39,aleatory,grid-15,r2,0.056445,3.12663,0.463172,0.102116,0.228129,1.12826,3.10573,0.0312663,0.0621147,0.0703269,130.002,137.339,124.47,12.8699,0.144731,3102.18,9.6235e+06,0.00406064,1.64888e-05
0.06,45,42,aleatory,grid-23,r2,0.0590587,3.20958,0.622363,0.126679,0.198514,1.13315,2.91738,0.0320958,0.0583476,0.0697273,127.634,136.52,121.848,14.6724,0.140616,2696.72,7.27229e+06,0.00605865,3.67072e-05
0.06,45,37,aleatory,grid-29,r2,0.0595739,3.69412,0.542183,0.133727,0.346042,1.14456,3.55739,0.0369412,0.0711479,0.0932672,144.4,194.472,121.579,72.8934,0.161011,6864.02,4.71148e+07,0.0133508,0.000178245
0.06,45,45,aleatory,grid-30,r2,0.0596189,2.93651,0.529001,0.01,0.099947,1.12771,2.93176,0.0293651,0.0586351,0.0650812,121.977,122.324,121.674,0.649968,0.132487,31.3556,983.174,0.000175845,3.09215e-08
0.06,45,45,aleatory,grid-40,r2,0.0595937,2.93333,0.531947,0.01,0.0919276,1.12948,2.93017,0.0293333,0.0586033,0.0650259,121.951,122.254,121.693,0.560351,0.13243,25.0147,625.734,0.000172889,2.98907e-08
0.08,60,54,aleatory,grid-15,r2,0.077228,3.11271,0.44977,0.0752626,0.230619,1.17267,3.13191,0.0311271,0.0626381,0.0700042,128.78,137.798,122.297,15.5012,0.143015,2750.42,7.5648e+06,0.00396957,1.57575e-05
0.08,60,54,aleatory,grid-23,r2,0.078468,3.17605,0.495814,0.0870494,0.224509,1.18264,3.17185,0.0317605,0.063437,0.0732136,131.489,143.034,124.794,18.24,0.145311,3862.04,1.49154e+07,0.00532354,2.83401e-05
0.08,60,47,aleatory,grid-29,r2,0.0794862,3.58792,0.477745,0.183867,0.408532,1.19717,3.68662,0.0358792,0.0737325,0.0940951,146.162,185.632,129.757,55.875,0.16912,6349.42,4.03151e+07,0.00976287,9.53136e-05
0.08,60,60,aleatory,grid-30,r2,0.0795149,2.93532,0.592658,0.01,0.0987492,1.19297,2.93055,0.0293532,0.0586109,0.0651229,121.994,122.337,121.697,0.640682,0.132525,29.4846,869.339,0.000175849,3.09229e-08
0.08,60,60,aleatory,grid-40,r2,0.0794313,2.93809,0.600874,0.01,0.0951538,1.17197,2.92858,0.0293809,0.0585715,0.064979,121.93,122.249,121.656,0.5936,0.132385,32.1191,1031.63,0.00016519,2.72878e-08
0.1,75,65,aleatory,grid-15,r2,0.0953848,3.18801,0.437161,0.118638,0.26627,1.22781,3.16629,0.0318801,0.0633258,0.0713569,130.856,142.204,122.616,19.5871,0.146746,3063.91,9.38757e+06,0.00468596,2.19582e-05
0.1,75,61,aleatory,grid-23,r2,0.0970588,3.66489,0.525906,0.184366,0.317647,1.24718,3.35048,0.0366489,0.0670095,0.0847942,143.921,166.481,130.692,35.7886,0.159113,7076.42,5.00757e+07,0.00987279,9.7472e-05
0.1,75,49,aleatory,grid-29,r2,0.0994887,4.42783,0.455439,0.246544,0.540822,1.26658,4.85052,0.0442783,0.0970103,0.138594,173.815,255.164,149.266,105.898,0.203038,12733.9,1.62153e+08,0.0147654,0.000218016
0.1,75,73,aleatory,grid-30,r2,0.0993401,2.93429,0.526309,1.05996e-05,0.135306,1.23887,3.17445,0.0293429,0.0634891,0.0702942,125.558,134.65,121.646,13.0043,0.136082,2754.3,7.58617e+06,0.000187168,3.50318e-08
0.1,75,75,aleatory,grid-40,r2,0.0993084,2.93714,0.593391,0.01,0.101677,1.23984,2.93175,0.0293714,0.058635,0.0650657,121.942,122.301,121.628,0.673376,0.132411,22.6187,511.604,0.000168995,2.85592e-08
0.12,90,73,aleatory,grid-15,r2,0.112843,3.38835,0.44643,0.108485,0.305715,1.27704,3.43177,0.0338835,0.0686354,0.0770361,137.502,156.937,125.145,31.792,0.154579,4969.2,2.4693e+07,0.00692488,4.7954e-05
0.12,90,76,aleatory,grid-23,r2,0.117115,3.50524,0.579436,0.19499,0.302509,1.31334,3.20886,0.0350524,0.0641773,0.0792186,137.9,160.203,124.535,35.668,0.154099,5285.39,2.79354e+07,0.0086927,7.55631e-05
0.12,90,61,aleatory,grid-29,r2,0.119318,4.01051,0.454801,0.192621,0.510719,1.30671,4.55654,0.0401051,0.0911307,0.12257,165.455,230.701,142.646,88.0544,0.195603,10426.6,1.08715e+08,0.0123835,0.00015335
0.12,90,86,aleatory,grid-30,r2,0.119293,3.1328,0.534976,0.0332856,0.157585,1.31808,3.13267,0.031328,0.0626533,0.0738614,127.967,142.807,121.701,21.1066,0.138713,3549.91,1.26018e+07,0.00646814,4.18368e-05
0.12,90,90,aleatory,grid-40,r2,0.119136,2.93705,0.540903,0.01,0.103664,1.29263,2.93069,0.0293705,0.0586138,0.0650619,121.924,122.3,121.594,0.705366,0.132373,29.0135,841.785,0.000172327,2.96964e-08
0.14,105,87,aleatory,grid-15,r2,0.132855,3.34103,0.480224,0.1272,0.279498,1.32699,3.33741,0.0334103,0.0667482,0.0759386,136.089,150.781,126.78,24.0008,0.152707,4630.8,2.14443e+07,0.00656498,4.3099e-05
0.14,105,80,aleatory,grid-23,r2,0.135034,3.48429,0.445038,0.148225,0.370352,1.35092,3.73614,0.0348429,0.0747228,0.0876555,147.668,179.172,130.023,49.149,0.168792,7056.01,4.97873e+07,0.00849208,7.21154e-05
0.14,105,65,aleatory,grid-29,r2,0.139324,4.71927,0.503912,0.260041,0.522322,1.40679,5.82296,0.0471927,0.116459,0.164677,186.593,297.618,159.215,138.404,0.214344,15800.3,2.49649e+08,0.0156008,0.000243386
0.14,105,104,aleatory,grid-30,r2,0.139196,2.99178,0.557565,0.019099,0.116808,1.37011,2.92903,0.0299178,0.0585806,0.0663805,122.981,125.379,121.697,3.68265,0.133842,1153.91,1.33151e+06,0.00294141,8.65192e-06
0.14,105,105,aleatory,grid-40,r2,0.139013,2.93379,0.533131,0.01,0.0999882,1.35151,2.92948,0.0293379,0.0585896,0.0650594,121.934,122.29,121.623,0.667302,0.132394,31.4482,988.987,0.000183779,3.37748e-08
0.15,113,91,aleatory,grid-15,r2,0.141027,3.40055,0.466825,0.108848,0.286419,1.37874,3.48526,0.0340055,0.0697053,0.0789387,139.128,155.731,129.359,26.3722,0.154975,5706.3,3.25619e+07,0.00655258,4.29363e-05
0.15,113,84,aleatory,grid-23,r2,0.145336,3.64399,0.478602,0.173366,0.374756,1.40007,3.87117,0.0364399,0.0774235,0.0921685,151.426,188.526,133.19,55.3363,0.173019,7810.03,6.09965e+07,0.00978091,9.56661e-05
0.15,113,69,aleatory,grid-29,r2,0.149917,4.35422,0.411738,0.213752,0.588255,1.42992,5.28558,0.0435422,0.105712,0.148968,180.485,274.797,150.728,124.07,0.217272,13677.2,1.87065e+08,0.0143728,0.000206577
0.15,113,104,aleatory,grid-30,r2,0.149872,3.49306,0.4822,0.0664954,0.168622,1.40469,3.12125,0.0349306,0.062425,0.0837398,134.012,152.022,129.561,22.4614,0.144107,5460.88,2.98213e+07,0.0100913,0.000101834
0.15,113,113,aleatory,grid-40,r2,0.14963,2.93384,0.505969,0.01,0.098814,1.37342,2.92942,0.0293384,0.0585884,0.065067,121.944,122.291,121.643,0.648033,0.132416,29.5144,871.099,0.000179235,3.21252e-08
0.16,120,91,aleatory,grid-15,r2,0.150031,3.67554,0.445284,0.207179,0.388888,1.40077,3.50714,0.0367554,0.0701427,0.0831316,143.345,171.656,126.615,45.0416,0.164869,5823.29,3.39107e+07,0.00969912,9.40729e-05
0.16,120,93,aleatory,grid-23,r2,0.154787,3.70427,0.504006,0.198094,0.376292,1.40808,3.52248,0.0370427,0.0704495,0.0874934,146.416,176.346,130.264,46.0816,0.166438,6940.87,4.81757e+07,0.0107207,0.000114934
0.16,120,59,aleatory,grid-29,r2,0.1594,6.25139,0.538004,0.3806,0.631651,1.54852,5.84283,0.0625139,0.116857,0.199674,210.237,333.906,186.195,147.711,0.27017,19280,3.71719e+08,0.0265313,0.000703909
0.16,120,120,aleatory,grid-30,r2,0.159119,2.93413,0.490857,0.01,0.0987499,1.46278,2.93195,0.0293413,0.0586389,0.0651761,122.028,122.378,121.723,0.655194,0.132599,33.6601,1133,0.000189607,3.59509e-08
0.16,120,120,aleatory,grid-40,r2,0.158894,2.93354,0.517858,0.01,0.101558,1.40515,2.93195,0.0293354,0.058639,0.065071,121.942,122.302,121.627,0.674422,0.132412,25.0885,629.432,0.000187491,3.5153e-08
0.18,135,105,aleatory,grid-15,r2,0.166928,3.35248,0.501723,0.190473,0.357845,1.48212,3.4171,0.0335248,0.0683419,0.0777018,138.7,158.406,124.991,33.4149,0.158979,4725.15,2.2327e+07,0.00580787,3.37314e-05
0.18,135,97,aleatory,grid-23,r2,0.173152,3.52846,0.375253,0.124679,0.42135,1.47079,4.08261,0.0352846,0.0816523,0.0936929,153.317,188.606,134.541,54.0652,0.178508,7872.71,6.19795e+07,0.00833447,6.94634e-05
0.18,135,82,aleatory,grid-29,r2,0.179144,4.64087,0.443021,0.228789,0.554709,1.54434,5.35084,0.0464087,0.107017,0.157288,184.563,275.94,162.044,113.896,0.218468,14835.2,2.20084e+08,0.0167611,0.000280934
0.18,135,134,aleatory,grid-30,r2,0.179043,2.97856,0.53446,0.0147736,0.113621,1.53996,2.93299,0.0297856,0.0586598,0.0661996,122.786,124.727,121.728,2.99908,0.133614,1006.27,1.01258e+06,0.00259343,6.72587e-06
0.18,135,135,aleatory,grid-40,r2,0.178816,2.93563,0.541595,0.01,0.101079,1.47632,2.92928,0.0293563,0.0585856,0.0650967,121.963,122.322,121.649,0.673703,0.132456,27.917,779.361,0.000169795,2.88304e-08
0.2,150,110,aleatory,grid-15,r2,0.182599,3.61993,0.452867,0.165166,0.34997,1.50414,3.65279,0.0361993,0.0730558,0.0868334,147.305,169.211,134.575,34.6363,0.165999,7385.89,5.45514e+07,0.00814194,6.62911e-05
0.2,150,110,aleatory,grid-23,r2,0.192683,3.57344,0.494372,0.180181,0.435217,1.5825,3.80317,0.0357344,0.0760634,0.0898982,149.946,189.981,127.421,62.5595,0.175167,6989.08,4.88473e+07,0.00995597,9.91212e-05
0.2,150,77,aleatory,grid-29,r2,0.19915,5.2788,0.414801,0.267639,0.607102,1.66532,5.85658,0.052788,0.117132,0.17851,201.008,302.898,180.163,122.735,0.258637,16728.9,2.79856e+08,0.0205035,0.000420393
0.2,150,148,aleatory,grid-30,r2,0.198871,2.93667,0.49573,1.87151e-05,0.124914,1.65114,3.01082,0.0293667,0.0602164,0.0669366,123.377,126.597,121.697,4.9006,0.134372,1367.05,1.86882e+06,0.000183283,3.35925e-08
0.2,150,150,aleatory,grid-40,r2,0.198747,2.93572,0.508765,0.01,0.0963078,1.53865,2.93254,0.0293572,0.0586509,0.0651237,121.982,122.314,121.696,0.618217,0.132498,30.253,915.242,0.000162611,2.64423e-08
0.22,165,119,aleatory,grid-15,r2,0.201586,3.68161,0.475467,0.201228,0.408229,1.58302,3.66455,0.0368161,0.0732909,0.0849129,146.716,176.401,128.198,48.2025,0.1694,6578.99,4.32831e+07,0.00911268,8.30409e-05
0.22,165,111,aleatory,grid-23,r2,0.210471,4.21528,0.507967,0.260867,0.464599,1.69748,4.04259,0.0421528,0.0808517,0.105344,163.119,210.787,140.421,70.3656,0.189613,10179.3,1.03617e+08,0.0137244,0.00018836
0.22,165,74,aleatory,grid-29,r2,0.219227,6.47508,0.41546,0.281709,0.678385,1.84165,7.30461,0.0647508,0.146092,0.26102,235.51,397.181,211.925,185.255,0.296253,26013.8,6.76716e+08,0.0268493,0.000720883
0.22,165,162,aleatory,grid-30,r2,0.218865,3.04716,0.544517,0.0362754,0.131231,1.81105,2.93305,0.0304716,0.058661,0.0676038,123.884,128.132,121.729,6.40331,0.135102,1577.46,2.48837e+06,0.00410394,1.68423e-05
0.22,165,165,aleatory,grid-40,r2,0.218471,2.93434,0.528264,0.01,0.0973221,1.59119,2.93146,0.0293434,0.0586291,0.0650804,121.94,122.278,121.647,0.63082,0.132406,27.5489,758.941,0.000162405,2.63754e-08
0.24,180,124,aleatory,grid-15,r2,0.217844,3.73994,0.542153,0.28314,0.441776,1.71394,3.62659,0.0373994,0.0725317,0.0848912,147.965,174.691,130.997,43.6945,0.175681,6092.94,3.71239e+07,0.00869924,7.56768e-05
0.24,180,113,aleatory,grid-23,r2,0.228305,4.17903,0.48273,0.286791,0.510042,1.78376,4.11818,0.0417903,0.0823636,0.105147,165.555,210.225,143.725,66.5006,0.202039,9633.5,9.28042e+07,0.0126613,0.000160309
0.24,180,82,aleatory,grid-29,r2,0.239146,6.41718,0.50669,0.365327,0.682365,1.95568,6.49456,0.0641718,0.129891,0.22313,221.769,359.156,193.086,166.07,0.291642,21827.2,4.76427e+08,0.0262042,0.000686661
0.24,180,176,aleatory,grid-30,r2,0.238864,3.03532,0.50146,0.0332548,0.133255,1.79338,2.96495,0.0303532,0.059299,0.0681335,124.323,129.406,121.791,7.61493,0.135718,1749.54,3.0609e+06,0.00391135,1.52987e-05
0.24,180,180,aleatory,grid-40,r2,0.238457,2.93731,0.538743,0.01,0.0983786,1.67948,2.93347,0.0293731,0.0586694,0.0651314,121.972,122.314,121.675,0.639167,0.132476,26.0089,676.461,0.000164842,2.71729e-08
0.25,188,128,aleatory,grid-15,r2,0.224476,3.76716,0.461804,0.254347,0.415987,1.74066,3.64224,0.0376716,0.0728447,0.0861909,149.254,175.986,133.173,42.8133,0.175371,6704.63,4.49521e+07,0.00920443,8.47216e-05
0.25,188,122,aleatory,grid-23,r2,0.239018,4.11675,0.457926,0.252674,0.469079,1.78722,4.20211,0.0411675,0.0840422,0.105622,165.005,208.731,144.139,64.5926,0.195917,10058.1,1.01165e+08,0.0124177,0.000154199
0.25,188,66,aleatory,grid-29,r2,0.249986,9.6194,0.566887,0.47366,0.687878,2.37978,8.4318,0.096194,0.168636,0.381767,283.838,480.09,271.793,208.297,0.378766,38391.2,1.47389e+09,0.0410317,0.0016836
0.25,188,181,aleatory,grid-30,r2,0.249424,3.12895,0.563387,0.047863,0.159174,1.93862,2.99514,0.0312895,0.0599028,0.0708058,126.177,135.698,121.746,13.9522,0.137803,2576.63,6.63903e+06,0.0058688,3.44429e-05
0.25,188,188,aleatory,grid-40,r2,0.249026,2.93605,0.549365,0.01,0.0989106,1.71938,2.93224,0.0293605,0.0586449,0.0651549,121.965,122.307,121.668,0.63972,0.132461,26.5008,702.293,0.000169242,2.8643e-08
0.26,195,133,aleatory,grid-15,r2,0.235991,3.85732,0.468927,0.214736,0.416597,1.73389,3.83662,0.0385732,0.0767323,0.0923569,153.108,185.336,136.093,49.2423,0.177437,8011.73,6.41878e+07,0.0101468,0.000102958
0.26,195,113,aleatory,grid-23,r2,0.245625,4.59493,0.467783,0.294123,0.538148,1.8717,4.84357,0.0459493,0.0968714,0.124458,181.16,243.126,155.56,87.5664,0.217367,13574.2,1.8426e+08,0.014403,0.000207447
0.26,195,77,aleatory,grid-29,r2,0.259237,8.38003,0.573476,0.458514,0.6539,2.25695,8.16096,0.0838003,0.163219,0.315863,260.283,433.905,257.221,176.684,0.336672,31800.5,1.01127e+09,0.0346287,0.00119915
0.26,195,186,aleatory,grid-30,r2,0.258831,3.0306,0.475414,0.0308231,0.167236,1.99105,3.21156,0.030306,0.0642312,0.0734171,127.742,141.5,121.791,19.7082,0.139156,3308.76,1.09479e+07,0.00379256,1.43835e-05
0.26,195,195,aleatory,grid-40,r2,0.258407,2.93847,0.533519,0.01,0.0965623,1.7624,2.93492,0.0293847,0.0586984,0.0651784,121.99,122.322,121.704,0.617888,0.132516,28.0164,784.921,0.000168666,2.84481e-08
0.28,210,137,aleatory,grid-15,r2,0.252179,4.26962,0.523473,0.283955,0.451247,1.86435,3.85286,0.0426962,0.0770572,0.0983594,159.294,200.449,137.684,62.7647,0.184072,9570.8,9.16003e+07,0.0134067,0.00017974
0.28,210,125,aleatory,grid-23,r2,0.265557,4.41032,0.469962,0.258526,0.547202,1.92753,4.73793,0.0441032,0.0947585,0.121303,176.75,242.796,147.954,94.8423,0.212446,12705.1,1.61418e+08,0.014896,0.000221891
0.28,210,67,aleatory,grid-29,r2,0.279391,9.4196,0.524026,0.390462,0.686596,2.62875,9.59932,0.094196,0.191986,0.398867,295.877,528.231,278.468,249.763,0.417001,40463.3,1.63728e+09,0.0402383,0.00161912
0.28,210,200,aleatory,grid-30,r2,0.278677,3.39368,0.573456,0.0666773,0.166885,2.14577,2.96191,0.0339368,0.0592381,0.0758103,128.87,147.093,121.757,25.3354,0.139339,4019.83,1.61591e+07,0.0101324,0.000102665
0.28,210,210,aleatory,grid-40,r2,0.27833,2.93833,0.531129,0.01,0.100363,1.84815,2.9339,0.0293833,0.0586781,0.0651421,122,122.357,121.689,0.66828,0.132538,28.8651,833.195,0.000163687,2.67934e-08
0.3,225,138,aleatory,grid-15,r2,0.264226,4.23021,0.497026,0.270086,0.491553,2.00717,4.10738,0.0423021,0.0821476,0.0974988,161.382,206.214,136.215,69.9989,0.191468,9405.34,8.84604e+07,0.0126742,0.000160635
0.3,225,127,aleatory,grid-23,r2,0.283233,5.67804,0.563499,0.382861,0.553521,2.18551,4.61029,0.0567804,0.0922058,0.142155,191.053,278.554,158.6,119.954,0.223018,16582.7,2.74985e+08,0.0226045,0.000510962
0.3,225,74,aleatory,grid-29,r2,0.299222,10.7276,0.507114,0.417442,0.672338,2.77926,10.2628,0.107276,0.205257,0.47847,316.387,554.443,326.036,228.407,0.404354,47126.1,2.22087e+09,0.0434488,0.0018878
0.3,225,218,aleatory,grid-30,r2,0.298625,3.04542,0.555717,0.0355364,0.151756,2.31703,3.01275,0.0304542,0.060255,0.0694,125.233,132.229,121.779,10.4507,0.136984,2070,4.2849e+06,0.00405957,1.64801e-05
0.3,225,225,aleatory,grid-40,r2,0.298153,2.93652,0.526069,0.01,0.0999465,1.9189,2.93397,0.0293652,0.0586794,0.0651605,121.988,122.335,121.688,0.646226,0.132512,27.0346,730.867,0.000171339,2.9357e-08
0.32,240,145,aleatory,grid-15,r2,0.284052,4.07461,0.462844,0.259218,0.513845,2.00488,4.1485,0.0407461,0.0829699,0.0970038,160.503,201.884,136.733,65.1516,0.195898,8529.63,7.27545e+07,0.0108785,0.000118341
0.32,240,125,aleatory,grid-23,r2,0.300231,5.50109,0.500018,0.329547,0.559281,2.28223,5.39773,0.0550109,0.107955,0.153332,199.564,294.474,170.035,124.439,0.240185,18436.3,3.39898e+08,0.0194998,0.000380243
0.32,240,72,aleatory,grid-29,r2,0.319356,12.5165,0.434149,0.343857,0.692992,3.24474,13.4142,0.125165,0.268284,0.680963,374.747,700.56,390.626,309.934,0.44355,63143.7,3.98713e+09,0.0488192,0.00238331
0.32,240,225,aleatory,grid-30,r2,0.318657,3.26573,0.519293,0.04744,0.17015,2.30133,3.35961,0.0326573,0.0671922,0.0856378,133.564,152.9,128.007,24.8934,0.141625,5990.95,3.58914e+07,0.00661999,4.38243e-05
0.32,240,240,aleatory,grid-40,r2,0.318044,2.93761,0.518704,0.01,0.0966931,2.01847,2.93453,0.0293761,0.0586906,0.0652038,121.991,122.328,121.7,0.627753,0.132518,24.7612,613.115,0.00016335,2.66833e-08
0.34,255,154,aleatory,grid-15,r2,0.296476,4.0904,0.502367,0.309789,0.514249,2.1086,3.93848,0.040904,0.0787696,0.0934018,158.429,196.447,135.492,60.9552,0.192517,8161.47,6.66096e+07,0.0110835,0.000122845
0.34,255,132,aleatory,grid-23,r2,0.318939,5.48151,0.491149,0.324695,0.549235,2.47455,5.42426,0.0548151,0.108485,0.152533,201.712,279.113,179.613,99.5003,0.241621,18206,3.31457e+08,0.0197937,0.000391791
0.34,255,59,aleatory,grid-29,r2,0.33951,14.2093,0.514252,0.461494,0.742336,3.61292,11.0267,0.142093,0.220534,0.6251,371.62,711.073,370.325,340.748,0.575441,62744.9,3.93692e+09,0.0649205,0.00421467
0.34,255,240,aleatory,grid-30,r2,0.338723,3.31351,0.552945,0.0666517,0.181897,2.61238,3.12246,0.0331351,0.0624492,0.0776527,130.2,151.287,121.837,29.45,0.141135,4297.87,1.84717e+07,0.00904322,8.17799e-05
0.34,255,255,aleatory,grid-40,r2,0.337863,2.93866,0.53634,0.01,0.0976691,2.10029,2.93483,0.0293866,0.0586965,0.0651692,121.98,122.32,121.687,0.632542,0.132495,24.9399,621.998,0.000166532,2.77329e-08
0.35,263,157,aleatory,grid-15,r2,0.309701,4.33959,0.491087,0.301314,0.519259,2.30314,4.01381,0.0433959,0.0802762,0.1009,162.351,211.406,136.557,74.849,0.197262,9144.15,8.36154e+07,0.0140749,0.000198102
0.35,263,122,aleatory,grid-23,r2,0.327176,6.32162,0.551672,0.402814,0.558365,2.57104,5.63522,0.0632162,0.112704,0.183118,220.997,301.617,205.225,96.3919,0.268177,22743.3,5.17258e+08,0.0238942,0.000570932
0.35,263,55,aleatory,grid-29,r2,0.350216,13.6989,0.548615,0.497955,0.746902,3.83928,13.3805,0.136989,0.267609,0.687944,389.724,705.73,410.987,294.742,0.636757,69467.9,4.82578e+09,0.0565685,0.0032
0.35,263,250,aleatory,grid-30,r2,0.349321,3.32599,0.574235,0.0683884,0.16826,2.73986,2.97898,0.0332599,0.0595796,0.0747783,128.534,144.631,121.828,22.8035,0.139728,3658.7,1.33861e+07,0.00904456,8.18041e-05
0.35,263,263,aleatory,grid-40,r2,0.348525,2.93808,0.517141,0.01,0.0988421,2.15522,2.93518,0.0293808,0.0587036,0.0651799,121.991,122.34,121.689,0.651373,0.132519,25.8344,667.415,0.000164511,2.70637e-08
0.36,270,147,aleatory,grid-15,r2,0.307676,4.42924,0.471284,0.30471,0.533607,2.19321,4.36873,0.0442924,0.0873747,0.105388,170.88,219.077,144.637,74.4398,0.209303,10978.3,1.20523e+08,0.0131792,0.000173691
0.36,270,111,aleatory,grid-23,r2,0.333752,6.58213,0.495868,0.364062,0.630264,2.75072,6.68716,0.0658213,0.133743,0.198368,232.362,353.331,198.195,155.136,0.300677,24617.9,6.06039e+08,0.0256886,0.000659902
0.36,270,49,aleatory,grid-29,r2,0.359674,20.956,0.419122,0.363072,0.733832,4.68081,23.8896,0.20956,0.477792,1.59773,571.733,1210.13,644.852,565.277,0.734029,131982,1.74192e+10,0.0757287,0.00573483
0.36,270,251,aleatory,grid-30,r2,0.358582,3.38429,0.584145,0.0851779,0.196392,2.81033,3.11186,0.0338429,0.0622372,0.0789695,131.359,154.31,121.835,32.4746,0.142861,4425.2,1.95824e+07,0.00953805,9.09743e-05
0.36,270,270,aleatory,grid-40,r2,0.357789,2.93917,0.540607,0.01,0.0965317,2.20197,2.93422,0.0293917,0.0586843,0.0651823,121.989,122.323,121.702,0.621357,0.132514,26.4588,700.07,0.000172175,2.96442e-08
0.38,285,150,aleatory,grid-15,r2,0.324467,5.10182,0.481257,0.323658,0.523707,2.40772,4.72209,0.0510182,0.0944418,0.126326,185.158,245.094,161.055,84.0388,0.216312,15115.7,2.28486e+08,0.0178501,0.000318626
0.38,285,122,aleatory,grid-23,r2,0.35255,5.88579,0.468282,0.357324,0.653198,2.63004,6.36549,0.0588579,0.12731,0.17451,220.627,334.283,177.672,156.611,0.288975,21319,4.54499e+08,0.0217157,0.000471572
0.38,285,52,aleatory,grid-29,r2,0.379617,17.8704,0.408526,0.369585,0.779182,5.21757,21.8917,0.178704,0.437834,1.22987,502.899,1078.7,533.968,544.73,0.730033,111623,1.24596e+10,0.0673312,0.00453349
0.38,285,275,aleatory,grid-30,r2,0.378615,3.06664,0.51962,0.0316106,0.152981,2.95358,3.05979,0.0306664,0.0611959,0.0709301,126.164,135.582,121.84,13.7414,0.137678,2620.86,6.86888e+06,0.00477683,2.28181e-05
0.38,285,285,aleatory,grid-40,r2,0.377713,2.93811,0.528444,0.01,0.0959672,2.30375,2.93567,0.0293811,0.0587135,0.0652031,121.997,122.325,121.715,0.609495,0.132531,25.2031,635.195,0.000162568,2.64284e-08
0.4,300,146,aleatory,grid-15,r2,0.340636,5.11974,0.546169,0.404779,0.583449,2.75945,4.72518,0.0511974,0.0945036,0.123693,185.656,247.855,157.759,90.0953,0.233312,13918.5,1.93726e+08,0.0171397,0.000293769
0.4,300,123,aleatory,grid-23,r2,0.370182,7.81512,0.574579,0.428496,0.607792,3.09977,7.29392,0.0781512,0.145878,0.249648,257.278,394.274,224.159,170.115,0.300961,31986.4,1.02313e+09,0.0297066,0.000882485
0.4,300,46,aleatory,grid-29,r2,0.399772,23.7856,0.552773,0.506885,0.749446,6.59806,19.1731,0.237856,0.383462,1.75504,602.385,1145.02,625.357,519.658,0.869069,149658,2.23976e+10,0.0875989,0.00767357
0.4,300,287,aleatory,grid-30,r2,0.398627,3.11782,0.516475,0.029916,0.157031,3.1293,3.15357,0.0311782,0.0630713,0.0741573,128.045,142.927,121.86,21.0668,0.138894,3567.38,1.27262e+07,0.00613136,3.75935e-05
0.42,315,156,aleatory,grid-15,r2,0.355528,5.41676,0.530794,0.358095,0.570776,2.63736,4.86731,0.0541676,0.0973462,0.130012,190.388,266.708,157.058,109.65,0.227902,15900.8,2.52836e+08,0.0195465,0.000382064
0.42,315,108,aleatory,grid-23,r2,0.385523,8.62115,0.55847,0.468609,0.70874,3.58579,7.31866,0.0862115,0.146373,0.260329,269.11,446.424,225.358,221.065,0.356966,34256.8,1.17353e+09,0.0363659,0.00132248
0.42,315,36,aleatory,grid-29,r2,0.419882,23.6399,0.499732,0.471059,0.80378,6.75494,26.0197,0.236399,0.520393,1.9046,651.024,1391.7,725.581,666.122,1.16634,175255,3.07143e+10,0.0938647,0.00881059
0.42,315,294,aleatory,grid-30,r2,0.418606,3.30186,0.546185,0.0760574,0.190428,3.60637,3.16314,0.0330186,0.0632628,0.0782826,130.926,152.718,121.87,30.8471,0.142383,4306.93,1.85496e+07,0.00849077,7.20931e-05
0.44,330,149,aleatory,grid-15,r2,0.366417,5.19822,0.510269,0.35584,0.580106,2.72975,5.32578,0.0519822,0.106516,0.138297,199.203,265.177,170.027,95.1503,0.245917,17397.4,3.02668e+08,0.0169578,0.000287568
0.44,330,104,aleatory,grid-23,r2,0.402112,7.67842,0.424815,0.339178,0.678513,3.5202,7.95818,0.0767842,0.159164,0.249351,270.481,411.301,233.956,177.345,0.386647,32835.2,1.07815e+09,0.0306392,0.000938762
0.44,330,32,aleatory,grid-29,r2,0.440009,45.1226,0.615274,0.597984,0.768645,11.755,30.4709,0.451226,0.609417,4.61449,946.502,2167.44,1135.45,1031.99,1.37503,323601,1.04717e+11,0.139515,0.0194646
0.44,330,307,aleatory,grid-30,r2,0.438617,3.46737,0.539649,0.0605283,0.189162,3.67406,3.28114,0.0346737,0.0656228,0.0844677,133.489,166.49,121.888,44.6023,0.142872,5663.78,3.20784e+07,0.0114499,0.000131099
0.45,338,147,aleatory,grid-15,r2,0.37463,5.14083,0.417361,0.318631,0.623458,2.70197,5.74241,0.0514083,0.114848,0.139527,199.636,282.578,162.382,120.196,0.254851,17135.1,2.93611e+08,0.0163724,0.000268056
0.45,338,121,aleatory,grid-23,r2,0.413434,7.30128,0.483751,0.375825,0.650875,3.49208,7.25551,0.0730128,0.14511,0.224651,254.93,387.274,220.179,167.095,0.341681,29465.5,8.68218e+08,0.0289837,0.000840054
0.45,338,30,aleatory,grid-29,r2,0.450921,31.3253,0.600049,0.584821,0.724674,8.20647,26.3466,0.313253,0.526933,2.95232,791.171,1530.27,941.883,588.39,1.50307,258441,6.67916e+10,0.114845,0.0131895
0.45,338,316,aleatory,grid-30,r2,0.449157,3.62208,0.561669,0.0798593,0.180078,4.01196,3.06709,0.0362208,0.0613418,0.0831869,132.734,159.575,125.155,34.4194,0.142138,5462.75,2.98417e+07,0.0123283,0.000151988
