Macroporosity,Vugs,Count,Sample,Grid,R,P_Area_100,WAv_Lx,Alignment,Alignment2,Eccent,keq_simulation,WAv_ly,Lx_norm,Ly_norm,Perimeter,EquivDiameter,Major,Minor,DifMajorMinor,Av_Area,Std_area,var_Area,Std_Lx,var_Lx
0.02,35,35,aleatory,grid-10,r1,0.0197752,1.91771,0.693349,0.01,0.118698,1.04175,1.90005,0.0191771,0.038001,0.042552,79.6558,80.0045,79.374,0.630436,0.0565005,17.6184,310.408,0.000226193,5.11633e-08
0.02,35,32,aleatory,grid-15,r1,0.0196124,2.10715,0.62238,0.0944773,0.209274,1.04186,2.02309,0.0210715,0.0404618,0.0480294,85.6206,91.3048,82.756,8.54878,0.0612886,1740.73,3.03015e+06,0.0037603,1.41398e-05
0.02,35,34,aleatory,grid-19,r1,0.0197935,2.02455,0.615546,0.057397,0.160702,1.04273,1.90886,0.0202455,0.0381771,0.0448564,81.5981,85.6059,79.4396,6.16628,0.0582163,867.43,752435,0.00325236,1.05778e-05
0.02,35,35,aleatory,grid-20,r1,0.0198037,1.92112,0.570324,0.01,0.123618,1.04259,1.91227,0.0192112,0.0382455,0.042552,79.7133,80.0747,79.4193,0.655418,0.0565821,17.848,318.55,0.000250193,6.25965e-08
0.02,35,35,aleatory,grid-30,r1,0.0197695,1.91496,0.613697,0.01,0.112626,1.04129,1.90343,0.0191496,0.0380685,0.0425421,79.6444,79.9597,79.3955,0.564184,0.0564843,17.4312,303.845,0.000260089,6.76461e-08
0.04,70,65,aleatory,grid-10,r1,0.0388972,2.044,0.61303,0.0876122,0.20566,1.08426,1.98794,0.02044,0.0397587,0.0450358,83.0379,87.7279,79.7433,7.9846,0.0598418,1033.32,1.06775e+06,0.00266082,7.07998e-06
0.04,70,66,aleatory,grid-15,r1,0.0393898,1.98986,0.546097,0.0542248,0.200364,1.0845,1.98703,0.0198986,0.0397407,0.0454626,82.9828,88.0355,79.6686,8.36688,0.0596815,1063.77,1.1316e+06,0.00259038,6.71006e-06
0.04,70,59,aleatory,grid-19,r1,0.0396706,2.21368,0.46952,0.0935742,0.314886,1.08435,2.3775,0.0221368,0.0475501,0.0571337,92.1357,109.643,86.3478,23.2947,0.0672384,2571.85,6.61442e+06,0.00483124,2.33409e-05
0.04,70,70,aleatory,grid-20,r1,0.0395736,1.91092,0.568878,0.01,0.118365,1.0851,1.91058,0.0191092,0.0382117,0.0425825,79.6792,80.0171,79.4091,0.607936,0.0565337,16.7132,279.331,0.000242152,5.86377e-08
0.04,70,70,aleatory,grid-30,r1,0.039555,1.91701,0.671221,0.01,0.11922,1.08579,1.90275,0.0191701,0.038055,0.042581,79.6605,79.9973,79.3907,0.606634,0.0565071,17.9817,323.343,0.000238932,5.70884e-08
0.05,87,82,aleatory,grid-10,r1,0.0484082,1.96633,0.518037,0.0216851,0.190709,1.10421,2.0128,0.0196633,0.0402561,0.0444412,82.2018,85.6737,79.6872,5.98655,0.0590343,875.456,766424,0.00155916,2.43098e-06
0.05,87,81,aleatory,grid-15,r1,0.0489006,2.00614,0.559828,0.0657935,0.214414,1.10985,2.00692,0.0200614,0.0401385,0.0459336,83.681,89.6976,79.7562,9.9414,0.0603711,1173.23,1.37646e+06,0.00286699,8.21964e-06
0.05,87,74,aleatory,grid-19,r1,0.0492554,2.28649,0.528333,0.142441,0.317937,1.11174,2.28039,0.0228649,0.0456078,0.0568762,91.6176,111.824,83.9872,27.8368,0.0665614,2562.81,6.568e+06,0.00560562,3.1423e-05
0.05,87,87,aleatory,grid-20,r1,0.0491994,1.91766,0.536497,0.01,0.11815,1.1119,1.91575,0.0191766,0.0383151,0.0426626,79.6915,80.0307,79.4189,0.611771,0.0565511,19.4367,377.787,0.000234762,5.51134e-08
0.05,87,87,aleatory,grid-30,r1,0.0491771,1.9234,0.585952,0.01,0.117962,1.10957,1.91409,0.019234,0.0382819,0.0426339,79.6734,80.0102,79.4023,0.60787,0.0565254,17.4415,304.205,0.000233695,5.46133e-08
0.06,105,90,aleatory,grid-10,r1,0.0574799,2.2014,0.554745,0.119473,0.275711,1.13282,2.18536,0.022014,0.0437073,0.0491859,87.8259,99.4754,80.6035,18.8719,0.0638666,1897.17,3.59924e+06,0.00439812,1.93434e-05
0.06,105,96,aleatory,grid-15,r1,0.0589188,1.99211,0.521702,0.0546076,0.230957,1.13141,2.09603,0.0199211,0.0419206,0.0471966,84.9765,93.3104,79.8146,13.4958,0.0613738,1451.02,2.10545e+06,0.00266411,7.09748e-06
0.06,105,87,aleatory,grid-19,r1,0.0595193,2.31088,0.50756,0.122686,0.337309,1.13437,2.45504,0.0231088,0.0491009,0.0607121,94.476,120.783,84.7368,36.0458,0.068413,3004.07,9.02446e+06,0.00621713,3.86526e-05
0.06,105,105,aleatory,grid-20,r1,0.0593638,1.91953,0.57992,0.01,0.124042,1.1394,1.90866,0.0191953,0.0381732,0.0425763,79.6817,80.0448,79.3839,0.660881,0.056537,20.9784,440.095,0.000243485,5.9285e-08
0.06,105,105,aleatory,grid-30,r1,0.0593491,1.91882,0.617946,0.01,0.120254,1.13123,1.91272,0.0191882,0.0382545,0.0426085,79.6717,80.0155,79.3938,0.621718,0.0565229,18.1254,328.529,0.000235089,5.52669e-08
0.08,140,124,aleatory,grid-10,r1,0.077156,2.10134,0.58481,0.0978307,0.256256,1.18218,2.08772,0.0210134,0.0417544,0.0469585,85.4131,93.0979,80.1881,12.9098,0.0622226,1390.64,1.93389e+06,0.00332274,1.10406e-05
0.08,140,123,aleatory,grid-15,r1,0.078254,2.14055,0.556482,0.0986412,0.260159,1.1873,2.1605,0.0214055,0.0432099,0.0506533,88.3238,97.8735,83.1878,14.6856,0.0636211,2156.07,4.64862e+06,0.00422233,1.78281e-05
0.08,140,112,aleatory,grid-19,r1,0.0794003,2.41774,0.566276,0.171119,0.373002,1.19296,2.45554,0.0241774,0.0491109,0.0635616,96.9218,124.11,86.4361,37.6737,0.0708932,3293.93,1.085e+07,0.00680385,4.62924e-05
0.08,140,140,aleatory,grid-20,r1,0.0792507,1.9172,0.531354,0.01,0.124252,1.19703,1.9189,0.019172,0.038378,0.0426385,79.7314,80.0988,79.4304,0.668342,0.0566076,20.513,420.784,0.000234589,5.50318e-08
0.08,140,140,aleatory,grid-30,r1,0.0790774,1.91786,0.550862,0.01,0.120803,1.17951,1.91024,0.0191786,0.0382048,0.0425355,79.6441,79.9889,79.3645,0.62441,0.0564839,16.913,286.05,0.000257555,6.63347e-08
0.1,175,153,aleatory,grid-10,r1,0.0961863,2.13067,0.556619,0.107811,0.268511,1.22925,2.11823,0.0213067,0.0423646,0.0476398,86.2554,94.7581,80.6039,14.1541,0.0628669,1561.71,2.43893e+06,0.00343566,1.18038e-05
0.1,175,149,aleatory,grid-15,r1,0.0975327,2.13057,0.544842,0.105488,0.310474,1.23696,2.2095,0.0213057,0.0441899,0.0512248,89.4808,103.338,81.5154,21.8228,0.0654582,2114.02,4.46907e+06,0.00433766,1.88153e-05
0.1,175,138,aleatory,grid-19,r1,0.0992576,2.44718,0.542126,0.188816,0.393299,1.25819,2.44513,0.0244718,0.0489025,0.0628937,96.7763,124.081,86.4744,37.6061,0.0719258,3085.58,9.52081e+06,0.00697207,4.86097e-05
0.1,175,175,aleatory,grid-20,r1,0.0991217,1.92289,0.585664,0.01,0.12908,1.24471,1.91405,0.0192289,0.0382809,0.0426653,79.7549,80.1498,79.4253,0.724527,0.0566409,21.1098,445.623,0.000233898,5.47085e-08
0.1,175,175,aleatory,grid-30,r1,0.0988709,1.91688,0.575592,0.01,0.117836,1.22822,1.90887,0.0191688,0.0381774,0.0425547,79.6539,79.9891,79.3845,0.604604,0.0564976,19.7741,391.015,0.000228128,5.20425e-08
0.12,210,186,aleatory,grid-10,r1,0.115503,2.11001,0.604451,0.114935,0.253373,1.28208,2.05972,0.0211001,0.0411944,0.0469298,85.3587,92.4011,80.5847,11.8165,0.0620985,1404.71,1.9732e+06,0.00343367,1.17901e-05
0.12,210,171,aleatory,grid-15,r1,0.116544,2.25394,0.56279,0.187426,0.354704,1.29649,2.17128,0.0225394,0.0434257,0.0525012,91.3175,106.459,82.2238,24.2352,0.0681544,2157.67,4.65553e+06,0.00534562,2.85756e-05
0.12,210,157,aleatory,grid-19,r1,0.119196,2.72995,0.521748,0.1997,0.405351,1.30571,2.74807,0.0272995,0.0549614,0.074515,104.145,143.615,91.4602,52.1544,0.0759208,4346.16,1.88891e+07,0.00932797,8.70111e-05
0.12,210,210,aleatory,grid-20,r1,0.11894,1.92147,0.575473,0.01,0.124827,1.31735,1.91703,0.0192147,0.0383407,0.0426823,79.753,80.1236,79.4481,0.675535,0.0566381,21.9681,482.595,0.000250908,6.2955e-08
0.12,210,210,aleatory,grid-30,r1,0.118608,1.91657,0.563504,0.01,0.116832,1.28439,1.9099,0.0191657,0.038198,0.0425668,79.6414,79.9705,79.3771,0.593335,0.0564801,18.1736,330.278,0.000238945,5.70949e-08
0.14,245,194,aleatory,grid-10,r1,0.130097,2.22641,0.524469,0.150634,0.331002,1.34069,2.25598,0.0222641,0.0451197,0.0514017,90.9216,103.006,83.4003,19.6062,0.0670602,2288.22,5.23593e+06,0.00433595,1.88005e-05
0.14,245,193,aleatory,grid-15,r1,0.135546,2.46201,0.581228,0.193053,0.329877,1.36224,2.35598,0.0246201,0.0471196,0.0590224,96.724,114.165,89.1764,24.989,0.0702313,3356.22,1.12642e+07,0.00665341,4.42679e-05
0.14,245,159,aleatory,grid-19,r1,0.139236,3.18162,0.513152,0.263585,0.522363,1.42759,3.15086,0.0318162,0.0630172,0.0926613,115.944,169.973,102.396,67.5775,0.0875698,5795.79,3.35912e+07,0.0119637,0.00014313
0.14,245,245,aleatory,grid-20,r1,0.138838,1.92306,0.591337,0.01,0.127993,1.36427,1.91906,0.0192306,0.0383812,0.042715,79.7742,80.1649,79.4498,0.715078,0.0566685,18.8357,354.785,0.0002428,5.8952e-08
0.14,245,245,aleatory,grid-30,r1,0.138431,1.91809,0.536126,0.01,0.112558,1.34139,1.91374,0.0191809,0.0382748,0.0425818,79.6572,79.966,79.4143,0.551768,0.0565024,17.6702,312.235,0.000236328,5.5851e-08
0.15,262,205,aleatory,grid-10,r1,0.139655,2.27652,0.550367,0.14344,0.338301,1.37251,2.35252,0.0227652,0.0470503,0.0535835,93.1162,107.018,84.9075,22.1104,0.0681246,2750.94,7.56766e+06,0.00462801,2.14185e-05
0.15,262,193,aleatory,grid-15,r1,0.144176,2.52108,0.546446,0.213209,0.420177,1.40168,2.43235,0.0252108,0.0486471,0.0610863,99.4931,124.278,86.9141,37.3635,0.0747024,3402.05,1.1574e+07,0.0075408,5.68636e-05
0.15,262,170,aleatory,grid-19,r1,0.148891,2.95379,0.505871,0.264245,0.529311,1.44564,3.20393,0.0295379,0.0640785,0.089013,114.263,170.861,97.1514,73.7098,0.0875832,5419.62,2.93723e+07,0.010443,0.000109056
0.15,262,262,aleatory,grid-20,r1,0.14845,1.92088,0.55371,0.01,0.123581,1.41644,1.91687,0.0192088,0.0383375,0.0426977,79.7685,80.1327,79.4704,0.662284,0.0566601,22.9741,527.808,0.000241007,5.80846e-08
0.15,262,262,aleatory,grid-30,r1,0.147951,1.91931,0.571672,0.01,0.115738,1.35827,1.90779,0.0191931,0.0381558,0.042538,79.6343,79.9577,79.3761,0.5816,0.0564699,18.7941,353.219,0.000240496,5.78383e-08
0.16,280,222,aleatory,grid-10,r1,0.149997,2.21164,0.511416,0.138169,0.345363,1.40653,2.27152,0.0221164,0.0454305,0.0510591,90.671,102.626,82.8316,19.7948,0.0675662,2074.5,4.30356e+06,0.00409723,1.67873e-05
0.16,280,213,aleatory,grid-15,r1,0.15459,2.34949,0.519861,0.182785,0.401657,1.4313,2.43396,0.0234949,0.0486793,0.0588847,97.1225,118.367,86.3032,32.0638,0.0725773,3142.14,9.87305e+06,0.0059017,3.483e-05
0.16,280,169,aleatory,grid-19,r1,0.159276,3.5829,0.558485,0.336384,0.540532,1.48854,3.38564,0.035829,0.0677129,0.105033,123.537,190.627,109.024,81.603,0.0942463,6740.14,4.54295e+07,0.0140535,0.000197501
0.16,280,280,aleatory,grid-20,r1,0.158718,1.9241,0.586856,0.01,0.128607,1.44275,1.91609,0.019241,0.0383217,0.0427053,79.7862,80.1798,79.458,0.721846,0.0566851,23.555,554.836,0.000252977,6.39976e-08
0.16,280,280,aleatory,grid-30,r1,0.158149,1.92076,0.590213,0.01,0.117012,1.39595,1.90956,0.0192076,0.0381911,0.0425613,79.6425,79.9736,79.377,0.596544,0.0564816,17.2821,298.671,0.000236714,5.60333e-08
0.18,315,248,aleatory,grid-10,r1,0.168536,2.22806,0.515076,0.150807,0.352128,1.46106,2.28266,0.0222806,0.0456532,0.0514625,91.0858,103.757,83.1342,20.6232,0.0679579,2133.25,4.55074e+06,0.00433348,1.8779e-05
0.18,315,232,aleatory,grid-15,r1,0.173325,2.5544,0.542426,0.204195,0.393576,1.51138,2.48754,0.025544,0.0497508,0.0625997,100.767,124.244,89.8914,34.3529,0.0747089,3705.47,1.37305e+07,0.00745091,5.55161e-05
0.18,315,190,aleatory,grid-19,r1,0.179227,3.39755,0.499829,0.264423,0.546912,1.60221,3.60406,0.0339755,0.0720812,0.107653,124.501,186.524,109.929,76.5945,0.0943301,7032.04,4.94496e+07,0.0123769,0.000153188
0.18,315,315,aleatory,grid-20,r1,0.178688,1.92588,0.591922,0.01,0.1234,1.54116,1.92121,0.0192588,0.0384241,0.0427305,79.8151,80.1768,79.5194,0.657446,0.0567263,22.8921,524.048,0.000249892,6.2446e-08
0.18,315,315,aleatory,grid-30,r1,0.177869,1.91883,0.595576,0.01,0.113973,1.46004,1.90918,0.0191883,0.0381836,0.0425376,79.6317,79.9466,79.382,0.564575,0.0564663,17.8614,319.03,0.000242666,5.88868e-08
0.2,350,247,aleatory,grid-10,r1,0.183138,2.44488,0.543496,0.233344,0.440168,1.53026,2.45314,0.0244488,0.0490628,0.0565324,96.9507,116.461,85.1232,31.3381,0.074145,2832.13,8.02095e+06,0.00577299,3.33274e-05
0.2,350,249,aleatory,grid-15,r1,0.191908,2.58571,0.530625,0.216314,0.425565,1.59051,2.63198,0.0258571,0.0526397,0.0657497,103.767,130.386,90.7549,39.6311,0.0770714,4149.26,1.72164e+07,0.0075119,5.64287e-05
0.2,350,185,aleatory,grid-19,r1,0.199315,4.37343,0.567993,0.394596,0.621579,1.73951,3.85776,0.0437343,0.0771552,0.139602,139.926,230.564,122.626,107.937,0.107738,9381.46,8.80117e+07,0.0176051,0.00030994
0.2,350,350,aleatory,grid-20,r1,0.198616,1.92664,0.585194,0.01,0.123692,1.59383,1.922,0.0192664,0.0384401,0.0427364,79.83,80.1979,79.5272,0.670743,0.0567475,23.4939,551.961,0.000237958,5.66239e-08
0.2,350,350,aleatory,grid-30,r1,0.197637,1.91913,0.555327,0.01,0.113652,1.5247,1.90942,0.0191913,0.0381884,0.0425477,79.6327,79.9466,79.3836,0.56303,0.0564676,18.8954,357.038,0.000241077,5.81183e-08
0.22,385,267,aleatory,grid-10,r1,0.201192,2.60252,0.561658,0.260526,0.425861,1.62524,2.48043,0.0260252,0.0496085,0.0598607,99.7728,121.214,88.0985,33.1159,0.075353,3413.74,1.16536e+07,0.00736425,5.42321e-05
0.22,385,248,aleatory,grid-15,r1,0.209609,2.71511,0.501322,0.263161,0.50537,1.66454,2.89366,0.0271511,0.0578732,0.0722005,109.665,146.304,93.3925,52.9118,0.0845198,4702.7,2.21154e+07,0.00795093,6.32173e-05
0.22,385,172,aleatory,grid-19,r1,0.219581,4.151,0.530751,0.390771,0.645024,1.8831,4.72113,0.04151,0.0944226,0.162335,153.738,245.947,137.723,108.224,0.127664,11083.5,1.22844e+08,0.0153146,0.000234538
0.22,385,385,aleatory,grid-20,r1,0.218566,1.92817,0.582129,0.01,0.123063,1.65513,1.9246,0.0192817,0.038492,0.0427841,79.8461,80.21,79.5477,0.662285,0.0567703,24.0243,577.166,0.000220343,4.8551e-08
0.22,385,385,aleatory,grid-30,r1,0.217289,1.91789,0.58741,0.01,0.110412,1.58734,1.90844,0.0191789,0.0381689,0.0425039,79.6123,79.9081,79.3809,0.52726,0.0564386,19.5203,381.042,0.000235997,5.56947e-08
0.24,420,283,aleatory,grid-10,r1,0.216837,2.51828,0.526521,0.250397,0.459422,1.66811,2.50481,0.0251828,0.0500963,0.0583558,99.2399,121.78,85.8406,35.9392,0.076621,3076.44,9.46446e+06,0.00644683,4.15616e-05
0.24,420,263,aleatory,grid-15,r1,0.228086,2.95934,0.567281,0.309806,0.506144,1.76341,2.82613,0.0295934,0.0565227,0.0746969,112.195,150.751,95.3441,55.4072,0.0867249,4982.98,2.48301e+07,0.00991835,9.83736e-05
0.24,420,179,aleatory,grid-19,r1,0.239537,4.63957,0.500931,0.3842,0.648285,2.06274,4.64757,0.0463957,0.0929514,0.160726,155.551,252.649,146.089,106.56,0.13382,10879.3,1.18359e+08,0.0191875,0.00036816
0.24,420,420,aleatory,grid-20,r1,0.238604,1.9298,0.562174,0.01,0.128775,1.8025,1.92435,0.019298,0.038487,0.0428078,79.8743,80.2687,79.5453,0.723426,0.0568104,24.225,586.849,0.000228512,5.22178e-08
0.24,420,420,aleatory,grid-30,r1,0.237036,1.91918,0.553929,0.01,0.115598,1.66107,1.90984,0.0191918,0.0381969,0.0424742,79.6113,79.932,79.3546,0.577375,0.0564372,20.2206,408.873,0.000245203,6.01246e-08
0.25,437,308,aleatory,grid-10,r1,0.227407,2.49416,0.504897,0.185387,0.410722,1.71156,2.52047,0.0249416,0.0504093,0.058787,98.7597,120.545,87.233,33.3123,0.0738335,3411.87,1.16409e+07,0.00645109,4.16166e-05
0.25,437,258,aleatory,grid-15,r1,0.236285,3.0683,0.517965,0.29448,0.522832,1.78267,3.09416,0.030683,0.0618831,0.0846058,119.097,159.028,103.661,55.367,0.0915832,6217.62,3.86587e+07,0.0100739,0.000101483
0.25,437,194,aleatory,grid-19,r1,0.249194,5.63171,0.507244,0.364523,0.650693,2.16544,5.19554,0.0563171,0.103911,0.213513,168.653,304.642,163.408,141.234,0.12845,14298.2,2.04439e+08,0.0231565,0.000536223
0.25,437,437,aleatory,grid-20,r1,0.248089,1.92687,0.5969,0.01,0.126853,1.85545,1.92315,0.0192687,0.0384629,0.0428058,79.8466,80.2278,79.5309,0.696822,0.056771,24.7475,612.44,0.000234146,5.48244e-08
0.25,437,437,aleatory,grid-30,r1,0.246635,1.92052,0.580738,0.01,0.112603,1.68612,1.90946,0.0192052,0.0381892,0.0424647,79.6119,79.9181,79.37,0.548104,0.0564382,18.4347,339.837,0.000248745,6.18741e-08
0.26,455,308,aleatory,grid-10,r1,0.235657,2.57647,0.550957,0.239477,0.449428,1.7764,2.56054,0.0257647,0.0512107,0.060171,100.387,123.7,87.722,35.9776,0.076512,3437.08,1.18136e+07,0.00690196,4.7637e-05
0.26,455,267,aleatory,grid-15,r1,0.245838,3.2636,0.520032,0.266289,0.490173,1.90512,3.23545,0.032636,0.064709,0.0892644,121.889,159.494,112.051,47.443,0.0920742,6775.23,4.59038e+07,0.0112809,0.000127259
0.26,455,185,aleatory,grid-19,r1,0.259663,5.5613,0.473832,0.363059,0.6746,2.32592,5.786,0.055613,0.11572,0.218561,174.936,324.195,153.465,170.729,0.140358,14856.7,2.20721e+08,0.0224472,0.000503876
0.26,455,455,aleatory,grid-20,r1,0.258502,1.92803,0.558547,0.01,0.127564,1.91479,1.92488,0.0192803,0.0384976,0.0428271,79.8765,80.2645,79.5543,0.710186,0.0568136,23.4426,549.556,0.000231375,5.35345e-08
0.26,455,455,aleatory,grid-30,r1,0.256784,1.92026,0.568326,0.01,0.113661,1.72966,1.91028,0.0192026,0.0382055,0.0424768,79.6105,79.9209,79.3645,0.556346,0.0564361,18.6352,347.272,0.000264301,6.98549e-08
0.28,490,320,aleatory,grid-10,r1,0.250848,2.55155,0.525131,0.253683,0.474222,1.85435,2.56406,0.0255155,0.0512813,0.0598817,101.015,123.845,87.9579,35.8875,0.0783898,3313.59,1.09799e+07,0.00656876,4.31486e-05
0.28,490,288,aleatory,grid-15,r1,0.264862,3.13118,0.539981,0.304439,0.507953,1.99133,3.01814,0.0313118,0.0603628,0.0820586,118.466,156.859,103.428,53.4311,0.091966,5884.57,3.46282e+07,0.0108814,0.000118405
0.28,490,162,aleatory,grid-19,r1,0.279955,6.57778,0.512306,0.416216,0.687717,2.47685,7.00226,0.0657778,0.140045,0.324745,209.861,371.887,207.969,163.918,0.172812,21592.1,4.66221e+08,0.0256063,0.000655685
0.28,490,490,aleatory,grid-20,r1,0.278487,1.92851,0.570254,0.01,0.127009,2.04974,1.92655,0.0192851,0.0385309,0.0428509,79.8909,80.2749,79.5728,0.702024,0.0568341,23.0891,533.107,0.000223268,4.98486e-08
0.28,490,490,aleatory,grid-30,r1,0.276367,1.91891,0.556501,0.01,0.110494,1.8025,1.90968,0.0191891,0.0381936,0.0424304,79.586,79.884,79.3518,0.532154,0.0564014,18.3031,335.004,0.000252551,6.37821e-08
0.3,525,310,aleatory,grid-10,r1,0.264814,2.80118,0.509623,0.2724,0.513388,1.99554,2.84873,0.0280118,0.0569747,0.0682625,109.044,138.799,93.3601,45.4388,0.085424,4482.2,2.00901e+07,0.00806136,6.49855e-05
0.3,525,273,aleatory,grid-15,r1,0.281553,3.47713,0.493736,0.311521,0.595492,2.19744,3.59467,0.0347713,0.0718933,0.0993249,130.674,189.35,109.268,80.0825,0.103133,7698.84,5.92721e+07,0.0125393,0.000157234
0.3,525,151,aleatory,grid-19,r1,0.300171,8.33322,0.539376,0.454913,0.699899,2.87412,7.4996,0.0833322,0.149992,0.382899,234.025,427.397,236.845,190.553,0.198789,25317.3,6.40965e+08,0.0335751,0.00112729
0.3,525,525,aleatory,grid-20,r1,0.298451,1.93028,0.559528,0.01,0.127126,2.1931,1.92705,0.0193028,0.038541,0.0428602,79.9005,80.2854,79.5814,0.703988,0.0568478,23.0634,531.919,0.000222205,4.93752e-08
0.3,525,525,aleatory,grid-30,r1,0.29594,1.91765,0.557307,0.01,0.10847,1.88198,1.90909,0.0191765,0.0381818,0.0423684,79.5635,79.8508,79.3391,0.511645,0.0563695,18.195,331.059,0.00027487,7.55536e-08
0.32,560,330,aleatory,grid-10,r1,0.282892,2.84555,0.543317,0.319707,0.511812,1.99857,2.79324,0.0284555,0.0558649,0.0679111,108.701,137.92,93.8968,44.0233,0.0857248,4357.01,1.89835e+07,0.0083995,7.05515e-05
0.32,560,294,aleatory,grid-15,r1,0.300663,3.34359,0.505638,0.308156,0.584291,2.26732,3.63364,0.0334359,0.0726727,0.0987147,129.829,184.513,112.222,72.2916,0.102266,7562.19,5.71868e+07,0.0115415,0.000133205
0.32,560,144,aleatory,grid-19,r1,0.32038,8.56697,0.462688,0.396066,0.74833,3.22187,8.84321,0.0856697,0.176864,0.452227,252.102,499.168,242.255,256.912,0.222486,29510.6,8.70874e+08,0.0341511,0.0011663
0.32,560,560,aleatory,grid-20,r1,0.318448,1.92963,0.571555,0.01,0.127231,2.30869,1.9269,0.0192963,0.038538,0.0428586,79.9132,80.2995,79.5922,0.707278,0.0568657,24.0537,578.58,0.000224497,5.03989e-08
0.34,595,325,aleatory,grid-10,r1,0.29406,2.9396,0.524235,0.313616,0.541299,2.17821,2.96331,0.029396,0.0592661,0.0714811,113.101,147.592,94.8135,52.7789,0.09048,4871.34,2.37299e+07,0.0087766,7.70287e-05
0.34,595,266,aleatory,grid-15,r1,0.31594,4.14994,0.535334,0.373405,0.622706,2.43058,3.93923,0.0414994,0.0787846,0.11881,145.413,215.939,123.925,92.0133,0.118774,9706.81,9.42221e+07,0.0161614,0.000261189
0.34,595,139,aleatory,grid-19,r1,0.340464,11.4481,0.623606,0.564508,0.707684,3.51377,10.282,0.114481,0.205641,0.620655,294.792,564.322,339.093,225.229,0.244938,37921.7,1.43805e+09,0.0438486,0.0019227
0.34,595,595,aleatory,grid-20,r1,0.338645,1.9315,0.587252,0.01,0.126967,2.50434,1.929,0.019315,0.03858,0.0428952,79.9479,80.332,79.6291,0.702826,0.0569152,24.3461,592.732,0.000218726,4.78412e-08
0.35,612,346,aleatory,grid-10,r1,0.304784,2.94896,0.535333,0.310011,0.530829,2.23336,2.91588,0.0294896,0.0583175,0.0706753,111.676,146.329,94.4917,51.8376,0.0880879,4784.57,2.28921e+07,0.00905646,8.20194e-05
0.35,612,279,aleatory,grid-15,r1,0.325681,3.8875,0.515574,0.356694,0.598409,2.6225,3.916,0.038875,0.0783201,0.118781,142.955,204.132,123.356,80.7757,0.116732,9641.6,9.29604e+07,0.0137708,0.000189635
0.35,612,122,aleatory,grid-19,r1,0.350392,10.0504,0.530102,0.479356,0.73331,5.24338,9.7691,0.100504,0.195382,0.516005,277.513,518.817,296.253,222.564,0.287207,34933.2,1.22033e+09,0.0415391,0.0017255
0.35,612,612,aleatory,grid-20,r1,0.348293,1.93079,0.557056,0.01,0.125803,2.51965,1.93046,0.0193079,0.0386092,0.0428822,79.9447,80.3217,79.633,0.688752,0.0569107,23.6953,561.468,0.000225667,5.09254e-08
0.36,630,337,aleatory,grid-10,r1,0.309904,3.07607,0.517418,0.297417,0.547534,2.38727,3.14839,0.0307607,0.0629679,0.0779155,117.561,156.77,99.1749,57.5946,0.0919596,5826,3.39423e+07,0.00966957,9.35005e-05
0.36,630,280,aleatory,grid-15,r1,0.334611,3.95543,0.493352,0.33092,0.637606,2.70589,4.2253,0.0395543,0.0845059,0.120774,146.597,221.121,120.66,100.461,0.119504,9853.11,9.70838e+07,0.0147566,0.000217757
0.36,630,147,aleatory,grid-19,r1,0.360638,9.47702,0.599247,0.527713,0.693801,4.31767,7.90274,0.0947702,0.158055,0.447749,259.348,463.556,259.432,204.125,0.245332,30251.5,9.15156e+08,0.038967,0.00151843
0.36,630,630,aleatory,grid-20,r1,0.358595,1.93389,0.589196,0.01,0.129625,2.60191,1.92917,0.0193389,0.0385834,0.0429117,79.9512,80.3487,79.6186,0.730081,0.0569199,23.3345,544.497,0.000211193,4.46024e-08
0.38,665,337,aleatory,grid-10,r1,0.324449,3.07777,0.511945,0.334885,0.585486,2.5324,3.17208,0.0307777,0.0634416,0.076183,117.889,156.292,99.0928,57.1992,0.0962758,5452.7,2.97319e+07,0.00943356,8.8992e-05
0.38,665,262,aleatory,grid-15,r1,0.350992,4.87149,0.534595,0.37563,0.631925,2.7492,4.81882,0.0487149,0.0963763,0.164256,168.454,255.793,146.219,109.574,0.133966,13824.1,1.91106e+08,0.0186406,0.000347473
0.38,665,120,aleatory,grid-19,r1,0.380985,11.7455,0.398029,0.352024,0.709408,5.6837,13.2916,0.117455,0.265833,0.868634,346.918,663.304,398.315,264.99,0.317488,52143,2.71889e+09,0.0420264,0.00176622
0.38,665,665,aleatory,grid-20,r1,0.378673,1.93369,0.59163,0.01,0.128617,2.81981,1.93118,0.0193369,0.0386235,0.0429256,79.9677,80.359,79.6415,0.717453,0.0569433,24.2458,587.858,0.0002053,4.2148e-08
0.4,700,336,aleatory,grid-10,r1,0.336109,3.17862,0.49414,0.318552,0.572204,2.5176,3.21219,0.0317862,0.0642439,0.0789834,121.084,158.82,103.835,54.985,0.100032,5822.73,3.39042e+07,0.0100748,0.000101501
0.4,700,268,aleatory,grid-15,r1,0.368325,4.88661,0.521856,0.393355,0.667111,3.18024,4.79864,0.0488661,0.0959728,0.158451,168.855,257.735,144.076,113.658,0.137435,13592.8,1.84764e+08,0.0186509,0.000347857
0.4,700,97,aleatory,grid-19,r1,0.401367,20.09,0.587367,0.55084,0.745008,0,15.4087,0.2009,0.308175,1.55715,466.434,970.184,524.627,445.557,0.41378,83416.2,6.95826e+09,0.067587,0.004568
0.4,700,700,aleatory,grid-20,r1,0.398713,1.93492,0.565317,0.01,0.124721,3.01873,1.93297,0.0193492,0.0386595,0.0429565,79.9786,80.3499,79.6725,0.677344,0.056959,22.6931,514.978,0.000201487,4.05971e-08
0.42,735,336,aleatory,grid-10,r1,0.351377,3.45931,0.546612,0.382234,0.601499,2.69029,3.37812,0.0345931,0.0675623,0.0895393,128.382,173.355,108.334,65.021,0.104576,7263.46,5.27579e+07,0.0112459,0.000126469
0.42,735,259,aleatory,grid-15,r1,0.385168,5.15023,0.514775,0.407881,0.693852,3.28398,5.25591,0.0515023,0.105118,0.169334,175.777,278.718,152.572,126.147,0.148713,14689.9,2.15793e+08,0.0202972,0.000411977
0.42,735,74,aleatory,grid-19,r1,0.421908,28.435,0.430118,0.412782,0.765622,0,28.6447,0.28435,0.572895,4.28629,748.61,1400.25,903.807,496.442,0.570146,171302,2.93443e+10,0.0731482,0.00535066
0.42,735,735,aleatory,grid-20,r1,0.418717,1.93498,0.584111,0.01,0.127449,3.29452,1.931,0.0193498,0.03862,0.0429382,79.9851,80.3713,79.6642,0.707071,0.0569682,22.4949,506.023,0.000196943,3.87865e-08
0.44,770,334,aleatory,grid-10,r1,0.367801,3.62311,0.541848,0.386048,0.627139,2.86442,3.477,0.0362311,0.0695401,0.0924267,131.679,180.751,109.481,71.2697,0.11012,7442.39,5.53892e+07,0.0123412,0.000152305
0.44,770,250,aleatory,grid-15,r1,0.401933,5.58556,0.509353,0.398856,0.678202,3.60429,5.65268,0.0558556,0.113054,0.190254,188.31,293.462,168.132,125.33,0.160773,16541.7,2.73627e+08,0.0221423,0.00049028
0.44,770,75,aleatory,grid-19,r1,0.442056,29.0401,0.648183,0.619044,0.703111,0,25.8882,0.290401,0.517764,4.19257,753.987,1445.07,907.337,537.73,0.589408,172514,2.9761e+10,0.0828927,0.0068712
0.44,770,770,aleatory,grid-20,r1,0.438946,1.93615,0.585344,0.01,0.125794,3.51308,1.93375,0.0193615,0.0386751,0.0429658,80.0116,80.3899,79.6982,0.691621,0.057006,23.265,541.261,0.000203666,4.14798e-08
0.45,787,338,aleatory,grid-10,r1,0.376848,3.78301,0.505835,0.354632,0.619739,2.92453,3.98753,0.0378301,0.0797506,0.107595,138.575,200.918,114.866,86.0528,0.111494,9127.88,8.33182e+07,0.0130005,0.000169013
0.45,787,254,aleatory,grid-15,r1,0.410402,5.93825,0.532953,0.422086,0.663331,3.69423,5.55251,0.0593825,0.11105,0.204794,193.482,294.21,174.137,120.073,0.161575,17831.9,3.17978e+08,0.023319,0.000543774
0.45,787,60,aleatory,grid-19,r1,0.451977,58.1082,0.677288,0.663771,0.843631,0,31.2616,0.581082,0.625233,7.82188,1015.94,2839.05,1213.74,1625.31,0.753295,270424,7.31293e+10,0.132968,0.0176805
0.45,787,787,aleatory,grid-20,r1,0.448587,1.93568,0.571384,0.01,0.12475,3.58001,1.93391,0.0193568,0.0386783,0.0429586,80.0072,80.3795,79.6994,0.680058,0.0569996,23.6252,558.149,0.000200688,4.02757e-08
0.02,15,14,aleatory,grid-15,r2,0.0196407,3.12138,0.446439,0.062099,0.175629,1.0433,3.08981,0.0312138,0.0617961,0.0690385,127.331,134.945,122.138,12.8076,0.140291,2642.72,6.98397e+06,0.00406689,1.65396e-05
0.02,15,15,aleatory,grid-23,r2,0.0198287,2.91743,0.386518,0.01,0.106346,1.04169,2.90795,0.0291743,0.0581591,0.0647673,121.84,122.226,121.5,0.726031,0.132191,28.8134,830.21,0.000252404,6.3708e-08
0.02,15,15,aleatory,grid-29,r2,0.0198221,2.91429,0.458227,0.01,0.109443,1.04081,2.91428,0.0291429,0.0582855,0.0647814,121.82,122.238,121.446,0.791388,0.132147,27.8383,774.971,0.000216728,4.69712e-08
0.02,15,15,aleatory,grid-30,r2,0.0198554,2.93491,0.585496,0.01,0.0967213,1.04209,2.93333,0.0293491,0.0586666,0.0649769,121.923,122.261,121.628,0.63317,0.13237,29.3038,858.714,0.000167555,2.80747e-08
0.02,15,15,aleatory,grid-40,r2,0.0198516,2.93492,0.504035,0.01,0.114374,1.04415,2.93491,0.0293492,0.0586982,0.0649725,121.911,122.35,121.516,0.834073,0.132344,29.9153,894.924,0.000190193,3.61732e-08
0.04,30,25,aleatory,grid-15,r2,0.0377134,3.43416,0.521768,0.107767,0.201215,1.08252,3.31923,0.0343416,0.0663845,0.0807769,140.029,148.682,136.222,12.4604,0.150854,6871.22,4.72137e+07,0.0065954,4.34992e-05
0.04,30,29,aleatory,grid-23,r2,0.0395133,2.91662,0.501938,4.55276e-05,0.150894,1.08404,3.06261,0.0291662,0.0612523,0.0672395,124.728,129.338,121.685,7.65211,0.136253,1925.53,3.70765e+06,0.000234848,5.51534e-08
0.04,30,27,aleatory,grid-29,r2,0.0396983,3.10914,0.54499,0.0667949,0.263484,1.08388,3.29494,0.0310914,0.0658989,0.0766307,132.047,152.231,121.586,30.6449,0.147031,3762.77,1.41585e+07,0.00557171,3.1044e-05
0.04,30,30,aleatory,grid-30,r2,0.0397167,2.93097,0.518586,0.01,0.102925,1.08127,2.93254,0.0293097,0.0586508,0.0649452,121.931,122.302,121.605,0.696376,0.132389,24.2518,588.148,0.000169516,2.87356e-08
0.04,30,30,aleatory,grid-40,r2,0.0397108,2.93731,0.564837,0.01,0.100963,1.08288,2.92699,0.0293731,0.0585398,0.0649949,121.922,122.285,121.605,0.680444,0.132369,25.539,652.24,0.000182117,3.31665e-08
0.05,38,36,aleatory,grid-15,r2,0.0495289,3.00854,0.426911,0.0246482,0.163523,1.10828,3.04579,0.0300854,0.0609158,0.0674658,125.442,130.296,121.94,8.35598,0.13758,2018.59,4.07471e+06,0.00253801,6.44148e-06
0.05,38,34,aleatory,grid-23,r2,0.0496781,3.03227,0.45977,0.0506012,0.247382,1.11184,3.2696,0.0303227,0.0653919,0.0723809,131.049,144.82,122.15,22.6701,0.146112,3384.78,1.14567e+07,0.00394707,1.55794e-05
0.05,38,35,aleatory,grid-29,r2,0.0502611,3.06691,0.475744,0.0529009,0.227124,1.10948,3.22055,0.0306691,0.064411,0.0740277,129.875,145.869,121.569,24.2995,0.143603,3331.15,1.10965e+07,0.00490012,2.40112e-05
0.05,38,38,aleatory,grid-30,r2,0.0503629,2.92795,0.425321,0.01,0.0989353,1.11125,2.92794,0.0292795,0.0585589,0.0651381,121.998,122.341,121.701,0.640116,0.132534,31.022,962.365,0.00019561,3.82633e-08
0.05,38,38,aleatory,grid-40,r2,0.0503286,2.93294,0.573786,0.01,0.106563,1.10702,2.93233,0.0293294,0.0586466,0.0650918,121.957,122.351,121.607,0.743762,0.132444,25.2937,639.77,0.000182383,3.32637e-08
0.06,45,41,aleatory,grid-15,r2,0.0580719,3.13493,0.401434,0.0667893,0.193337,1.12308,3.1103,0.0313493,0.062206,0.0696847,128.535,135.246,123.971,11.2754,0.141639,3021.9,9.13187e+06,0.00399139,1.59312e-05
0.06,45,41,aleatory,grid-23,r2,0.0589241,3.01154,0.464107,0.042486,0.223548,1.13304,3.21002,0.0301154,0.0642005,0.0712003,129.601,141.284,122.026,19.2578,0.143717,3113.1,9.69139e+06,0.00363797,1.32348e-05
0.06,45,39,aleatory,grid-29,r2,0.0595932,3.43387,0.506989,0.0890115,0.206703,1.13521,3.30006,0.0343387,0.0660012,0.0875927,139.69,155.656,135.023,20.6336,0.152803,6373.33,4.06193e+07,0.00784069,6.14765e-05
0.06,45,42,aleatory,grid-30,r2,0.0596223,3.06892,0.500637,0.0445031,0.198364,1.13355,3.33153,0.0306892,0.0666306,0.0766559,130.213,149.868,121.637,28.2313,0.141958,4011.58,1.60928e+07,0.00458126,2.0988e-05
0.06,45,45,aleatory,grid-40,r2,0.0595711,2.9291,0.500936,0.01,0.0963143,1.13015,2.9328,0.029291,0.0586561,0.0650092,121.928,122.251,121.65,0.600388,0.13238,34.2135,1170.56,0.000193222,3.73348e-08
0.08,60,55,aleatory,grid-15,r2,0.0771516,3.1383,0.467015,0.0824026,0.192327,1.1742,2.99718,0.031383,0.0599436,0.0690177,127.468,134.83,122.249,12.5815,0.140276,2691.07,7.24185e+06,0.00484114,2.34366e-05
0.08,60,53,aleatory,grid-23,r2,0.0783396,3.24572,0.577513,0.119068,0.249226,1.18601,3.17072,0.0324572,0.0634143,0.0744366,132.968,146.718,124.86,21.8574,0.147811,4086.59,1.67002e+07,0.0061812,3.82072e-05
0.08,60,53,aleatory,grid-29,r2,0.0794229,3.30426,0.540595,0.133856,0.292276,1.18334,3.20385,0.0330426,0.064077,0.0784944,133.775,157.242,121.616,35.626,0.149855,4025.71,1.62063e+07,0.00768041,5.89887e-05
0.08,60,59,aleatory,grid-30,r2,0.0794935,3.03557,0.494575,0.0334026,0.132073,1.17728,2.93095,0.0303557,0.0586191,0.0672034,123.668,127.627,121.637,5.9896,0.134735,1529.67,2.33988e+06,0.00393202,1.54608e-05
0.08,60,60,aleatory,grid-40,r2,0.0794546,2.93175,0.585099,0.01,0.0947109,1.18452,2.93176,0.0293175,0.0586351,0.0650331,121.948,122.268,121.673,0.595073,0.132424,26.4486,699.531,0.0001724,2.97219e-08
0.1,75,62,aleatory,grid-15,r2,0.0951861,3.56416,0.580559,0.255161,0.304385,1.24454,3.09765,0.0356416,0.061953,0.0772048,136.013,154.223,125.164,29.0591,0.153526,4436.61,1.96835e+07,0.00849166,7.21084e-05
0.1,75,65,aleatory,grid-23,r2,0.0977779,3.26695,0.473951,0.114103,0.263552,1.2363,3.26354,0.0326695,0.0652708,0.0762944,135.001,149.931,126.611,23.3198,0.150428,4571.31,2.08969e+07,0.00621268,3.85973e-05
0.1,75,62,aleatory,grid-29,r2,0.0993105,3.30367,0.46946,0.0935835,0.348556,1.22874,3.68473,0.0330367,0.0736946,0.0882274,141.298,172.972,128.096,44.8758,0.160178,5687.01,3.23421e+07,0.0071339,5.08926e-05
0.1,75,74,aleatory,grid-30,r2,0.0993666,3.01121,0.564354,0.0267699,0.12583,1.26694,2.9308,0.0301121,0.0586159,0.066855,123.335,126.573,121.636,4.93696,0.134279,1372.65,1.88417e+06,0.00348993,1.21796e-05
0.1,75,75,aleatory,grid-40,r2,0.0993133,2.93778,0.533656,0.01,0.102936,1.23163,2.93175,0.0293778,0.058635,0.0650497,121.945,122.311,121.623,0.687663,0.132418,28.1448,792.131,0.000160882,2.5883e-08
0.12,90,70,aleatory,grid-15,r2,0.112541,3.57499,0.513972,0.189539,0.364586,1.26833,3.42816,0.0357499,0.0685631,0.0789744,140.172,163.325,125.271,38.0537,0.160774,5073.37,2.57391e+07,0.00823676,6.78442e-05
0.12,90,75,aleatory,grid-23,r2,0.116896,3.18579,0.378603,0.0586996,0.301342,1.28421,3.61926,0.0318579,0.0723852,0.0806769,139.47,160.664,127.924,32.7401,0.155862,5663.79,3.20785e+07,0.00524414,2.7501e-05
0.12,90,65,aleatory,grid-29,r2,0.119308,4.23509,0.565318,0.245874,0.424472,1.33772,3.91549,0.0423509,0.0783097,0.111475,158.132,207.925,143.717,64.2073,0.18355,8981.66,8.06702e+07,0.0140037,0.000196104
0.12,90,86,aleatory,grid-30,r2,0.119313,3.13507,0.514798,0.0667509,0.170016,1.29977,2.99802,0.0313507,0.0599603,0.0709355,126.515,136.331,121.732,14.599,0.138736,2482.41,6.16234e+06,0.00554304,3.07253e-05
0.12,90,90,aleatory,grid-40,r2,0.119177,2.93386,0.521067,0.01,0.0984575,1.29096,2.92937,0.0293386,0.0585873,0.065053,121.945,122.287,121.65,0.636775,0.132419,25.3746,643.872,0.000188113,3.53866e-08
0.14,105,86,aleatory,grid-15,r2,0.131887,3.30125,0.503723,0.171923,0.329645,1.33526,3.25335,0.0330125,0.0650671,0.073956,134.404,150.054,123.097,26.9569,0.153357,3546.89,1.25804e+07,0.00554084,3.07009e-05
0.14,105,77,aleatory,grid-23,r2,0.134794,3.74449,0.54192,0.238848,0.425305,1.35252,3.81583,0.0374449,0.0763166,0.0928687,151.944,192.348,130.723,61.6245,0.175057,7876.01,6.20315e+07,0.0099293,9.8591e-05
0.14,105,70,aleatory,grid-29,r2,0.139278,3.97407,0.43963,0.184476,0.485175,1.3692,4.93633,0.0397407,0.0987266,0.13206,170.252,242.834,147.277,95.5575,0.198969,11810.8,1.39494e+08,0.0120721,0.000145736
0.14,105,102,aleatory,grid-30,r2,0.139219,3.10978,0.559079,0.0285695,0.142963,1.37882,2.98832,0.0310978,0.0597664,0.0701321,125.542,134.154,121.703,12.4513,0.136489,2581.68,6.66508e+06,0.00595749,3.54916e-05
0.14,105,105,aleatory,grid-40,r2,0.139037,2.93764,0.513703,0.01,0.0992858,1.33889,2.93174,0.0293764,0.0586349,0.0650682,121.944,122.294,121.639,0.655664,0.132416,27.8748,777.006,0.000172772,2.98502e-08
0.15,113,91,aleatory,grid-15,r2,0.140894,3.33241,0.436147,0.143454,0.323215,1.34505,3.34101,0.0333241,0.0668203,0.0754523,136.133,153.512,124.249,29.2631,0.154828,4211.6,1.77375e+07,0.00627555,3.93825e-05
0.15,113,87,aleatory,grid-23,r2,0.145625,3.76652,0.556208,0.236192,0.362491,1.41026,3.48211,0.0376652,0.0696422,0.0882469,147.918,176.615,132.362,44.2526,0.167385,7358.3,5.41446e+07,0.0106503,0.000113428
0.15,113,63,aleatory,grid-29,r2,0.150002,5.07265,0.474571,0.279448,0.615523,1.44365,5.51388,0.0507265,0.110278,0.180073,196.646,301.239,167.254,133.985,0.238098,17439.5,3.04137e+08,0.0194378,0.000377827
0.15,113,112,aleatory,grid-30,r2,0.14981,2.98799,0.466512,0.0176794,0.11732,1.4136,2.93237,0.0298799,0.0586474,0.0663124,122.912,125.18,121.692,3.4875,0.133759,1105.37,1.22185e+06,0.00285772,8.16658e-06
0.15,113,113,aleatory,grid-40,r2,0.149583,2.93363,0.49784,0.01,0.102792,1.37805,2.92963,0.0293363,0.0585926,0.0650068,121.925,122.296,121.598,0.697605,0.132374,28.1455,792.166,0.000160514,2.57646e-08
0.16,120,94,aleatory,grid-15,r2,0.149502,3.42041,0.411267,0.131432,0.319055,1.38948,3.55674,0.0342041,0.0711347,0.0808473,141.082,160.541,129.253,31.288,0.159045,5841.76,3.41261e+07,0.00647659,4.19462e-05
0.16,120,88,aleatory,grid-23,r2,0.154025,3.87283,0.553724,0.235557,0.393779,1.43771,3.65251,0.0387283,0.0730502,0.094251,153.471,184.103,137.871,46.2319,0.175029,8450.92,7.14181e+07,0.0107986,0.00011661
0.16,120,79,aleatory,grid-29,r2,0.159142,4.29959,0.486598,0.230912,0.50918,1.46173,4.68619,0.0429959,0.0937239,0.127889,168.863,240.472,147.54,92.9316,0.201446,10954.9,1.2001e+08,0.0139048,0.000193344
0.16,120,116,aleatory,grid-30,r2,0.159085,3.28633,0.552025,0.0499128,0.14313,1.48961,2.93095,0.0328633,0.058619,0.0726688,126.912,140.097,121.714,18.3832,0.137142,3416.09,1.16697e+07,0.00880641,7.75528e-05
0.16,120,120,aleatory,grid-40,r2,0.158926,2.93572,0.540929,0.01,0.100574,1.40142,2.93215,0.0293572,0.058643,0.0651087,121.954,122.312,121.642,0.66928,0.132438,30.0098,900.587,0.000170747,2.91545e-08
0.18,135,107,aleatory,grid-15,r2,0.169622,3.61591,0.477994,0.17199,0.322016,1.4736,3.43803,0.0361591,0.0687605,0.081333,141.19,163.497,128.833,34.6644,0.158525,5982.44,3.57896e+07,0.00896023,8.02857e-05
0.18,135,106,aleatory,grid-23,r2,0.174487,3.66743,0.558385,0.205626,0.353209,1.50007,3.47203,0.0366743,0.0694406,0.0860671,145.218,173.124,131.148,41.9757,0.164611,6646.7,4.41787e+07,0.00962968,9.27307e-05
0.18,135,84,aleatory,grid-29,r2,0.179067,4.74491,0.457093,0.231622,0.520816,1.53781,5.22205,0.0474491,0.104441,0.152177,182.515,268.015,163.237,104.778,0.213175,14265,2.03491e+08,0.0167264,0.000279772
0.18,135,131,aleatory,grid-30,r2,0.17906,3.02553,0.525552,0.0296186,0.148312,1.53513,3.02237,0.0302553,0.0604473,0.0691711,125.057,131.735,121.753,9.98249,0.136687,2035.35,4.14265e+06,0.00371727,1.38181e-05
0.18,135,135,aleatory,grid-40,r2,0.178765,2.93598,0.509767,0.01,0.0979725,1.467,2.93052,0.0293598,0.0586104,0.0650915,121.945,122.288,121.648,0.640742,0.132419,29.767,886.075,0.000170771,2.91626e-08
0.2,150,116,aleatory,grid-15,r2,0.188237,3.74525,0.458622,0.178595,0.348469,1.55693,3.60504,0.0374525,0.0721008,0.0847142,144.447,173.659,129.654,44.0052,0.162273,6759.21,4.56869e+07,0.0100252,0.000100504
0.2,150,95,aleatory,grid-23,r2,0.190158,4.81276,0.550572,0.322899,0.453901,1.64213,4.23761,0.0481276,0.0847523,0.1194,174.756,231.803,151.514,80.2899,0.200166,13017,1.69442e+08,0.0170177,0.000289604
0.2,150,81,aleatory,grid-29,r2,0.199152,5.79937,0.40813,0.226709,0.581284,1.65366,7.10224,0.0579937,0.142045,0.229071,215.452,356.918,201.687,155.231,0.245867,22791.9,5.19473e+08,0.0212814,0.000452898
0.2,150,143,aleatory,grid-30,r2,0.198911,3.17567,0.563198,0.060031,0.172582,1.64535,3.01289,0.0317567,0.0602578,0.0721854,127.207,139.046,121.728,17.3176,0.139099,2901.04,8.41601e+06,0.0065614,4.3052e-05
0.2,150,150,aleatory,grid-40,r2,0.198631,2.9354,0.509269,0.01,0.0966083,1.54267,2.93222,0.029354,0.0586445,0.0650913,121.946,122.278,121.66,0.618063,0.13242,28.9078,835.661,0.000179486,3.22153e-08
0.22,165,117,aleatory,grid-15,r2,0.199939,3.79276,0.487129,0.221337,0.398389,1.58925,3.7062,0.0379276,0.0741239,0.0876254,149.212,180.009,131.936,48.0736,0.170888,7458.68,5.56319e+07,0.0099377,9.8758e-05
0.22,165,107,aleatory,grid-23,r2,0.209952,4.13867,0.462795,0.244327,0.485105,1.66742,4.35553,0.0413867,0.0871106,0.108148,166.033,217.119,146.039,71.0805,0.196217,10505.3,1.10362e+08,0.0126265,0.000159428
0.22,165,73,aleatory,grid-29,r2,0.219208,6.82371,0.452899,0.316874,0.610478,1.8303,7.61749,0.0682371,0.15235,0.278799,245.68,398.535,233.457,165.078,0.300285,27997.4,7.83857e+08,0.0260549,0.000678856
0.22,165,154,aleatory,grid-30,r2,0.218878,3.73721,0.537733,0.0545797,0.184688,1.77638,3.11228,0.0373721,0.0622457,0.0865819,134.067,171.677,121.751,49.9267,0.142129,6158.42,3.79261e+07,0.0147069,0.000216292
0.22,165,165,aleatory,grid-40,r2,0.21857,2.93666,0.512266,0.01,0.0993425,1.5965,2.93261,0.0293666,0.0586523,0.0650956,121.967,122.318,121.663,0.65545,0.132467,28.229,796.879,0.000167323,2.79969e-08
0.24,180,113,aleatory,grid-15,r2,0.213851,4.1869,0.508059,0.276006,0.464266,1.67657,3.98572,0.041869,0.0797143,0.0989445,161.177,200.579,139.773,60.8058,0.189248,9582.39,9.18222e+07,0.0121558,0.000147763
0.24,180,113,aleatory,grid-23,r2,0.228238,4.67361,0.43844,0.207286,0.491673,1.76841,4.82005,0.0467361,0.096401,0.128304,180.038,246.869,155.838,91.0313,0.201981,14629.8,2.14032e+08,0.0160709,0.000258275
0.24,180,79,aleatory,grid-29,r2,0.239173,8.58203,0.571492,0.435634,0.676461,2.2654,7.48965,0.0858203,0.149793,0.309539,249.428,446.155,234.295,211.86,0.30275,30728.1,9.44217e+08,0.0360239,0.00129772
0.24,180,176,aleatory,grid-30,r2,0.238717,3.07007,0.539081,0.0443716,0.139816,1.86439,2.93148,0.0307007,0.0586296,0.0681476,124.284,129.42,121.711,7.70839,0.135635,1747.29,3.05302e+06,0.00450289,2.0276e-05
0.24,180,180,aleatory,grid-40,r2,0.238521,2.93651,0.569708,0.01,0.0991169,1.67399,2.9324,0.0293651,0.0586481,0.0651336,121.988,122.334,121.689,0.645063,0.132512,28.1827,794.262,0.000163104,2.66028e-08
0.25,188,135,aleatory,grid-15,r2,0.229548,3.62599,0.460403,0.196801,0.407526,1.71953,3.67519,0.0362599,0.0735038,0.0838791,146.014,173.704,128.816,44.8876,0.170036,6127.24,3.7543e+07,0.00821833,6.7541e-05
0.25,188,110,aleatory,grid-23,r2,0.237108,5.58035,0.586906,0.33845,0.490332,1.99099,4.71327,0.0558035,0.0942653,0.141523,190.645,264.019,161.368,102.651,0.215552,16727.1,2.79796e+08,0.0211995,0.00044942
0.25,188,80,aleatory,grid-29,r2,0.249882,8.36449,0.565155,0.415957,0.610272,2.1458,7.83563,0.0836449,0.156713,0.362926,269.978,428.814,270.292,158.522,0.312352,35616.4,1.26853e+09,0.0327732,0.00107408
0.25,188,176,aleatory,grid-30,r2,0.249462,3.41678,0.510551,0.0797357,0.190393,1.85111,3.06091,0.0341678,0.0612181,0.078376,130.747,153.316,121.78,31.5364,0.14174,4443.52,1.97448e+07,0.0103062,0.000106218
0.25,188,188,aleatory,grid-40,r2,0.249007,2.93655,0.589365,0.01,0.0978917,1.71086,2.92984,0.0293655,0.0585968,0.0651288,121.96,122.302,121.664,0.637833,0.132451,28.1131,790.348,0.000166901,2.78561e-08
0.26,195,133,aleatory,grid-15,r2,0.236323,3.84171,0.480209,0.242186,0.430973,1.79086,3.80511,0.0384171,0.0761022,0.0891656,151.011,183.74,132.988,50.7522,0.177686,7093.9,5.03235e+07,0.00943492,8.90177e-05
0.26,195,106,aleatory,grid-23,r2,0.244575,5.23104,0.501316,0.303252,0.546782,1.88799,5.01617,0.0523104,0.100323,0.141423,193.399,264.302,164.102,100.201,0.230731,16571,2.74598e+08,0.018742,0.000351262
0.26,195,64,aleatory,grid-29,r2,0.259296,9.37252,0.346351,0.262043,0.711049,2.19273,11.7956,0.0937252,0.235912,0.462289,306.604,569.49,326.197,243.293,0.40515,45540,2.07389e+09,0.0360862,0.00130221
0.26,195,190,aleatory,grid-30,r2,0.258772,3.15197,0.556774,0.0307633,0.134807,2.00948,2.96177,0.0315197,0.0592355,0.0706129,125.617,134.964,121.774,13.1894,0.136196,2805.85,7.87282e+06,0.00688322,4.73788e-05
0.26,195,195,aleatory,grid-40,r2,0.258334,2.93761,0.527112,0.01,0.0984626,1.75055,2.9326,0.0293761,0.0586521,0.0651338,121.973,122.317,121.675,0.642195,0.132479,26.4602,700.143,0.000167417,2.80285e-08
0.28,210,129,aleatory,grid-15,r2,0.24516,4.04245,0.464957,0.262699,0.476257,1.82314,4.14094,0.0404245,0.0828189,0.0978545,161.347,198.636,140.604,58.0316,0.190047,9662.54,9.33646e+07,0.0104667,0.000109551
0.28,210,115,aleatory,grid-23,r2,0.263674,5.481,0.514999,0.325878,0.563818,2.0415,5.19175,0.05481,0.103835,0.15018,197.344,284.371,168.001,116.37,0.229282,18045,3.25623e+08,0.0201933,0.000407768
0.28,210,64,aleatory,grid-29,r2,0.279371,12.2783,0.539137,0.447623,0.63488,2.82623,10.6053,0.122783,0.212107,0.583127,343.325,608.714,384.259,224.455,0.436517,55711,3.10372e+09,0.0481949,0.00232275
0.28,210,203,aleatory,grid-30,r2,0.278668,3.07707,0.501896,0.0475604,0.155075,2.06756,2.98825,0.0307707,0.0597649,0.0696445,125.446,132.928,121.764,11.1636,0.137275,2141.33,4.58528e+06,0.00467901,2.18931e-05
0.28,210,210,aleatory,grid-40,r2,0.278279,2.93719,0.52588,0.01,0.098359,1.84492,2.93254,0.0293719,0.0586508,0.0651494,121.989,122.332,121.692,0.63972,0.132514,24.8521,617.627,0.000165101,2.72584e-08
0.3,225,146,aleatory,grid-15,r2,0.267632,3.94005,0.488217,0.244465,0.462765,1.96961,4.03198,0.0394005,0.0806396,0.0940343,156.487,194.888,135.577,59.3107,0.18331,8607.97,7.40972e+07,0.0105903,0.000112154
0.3,225,125,aleatory,grid-23,r2,0.282268,4.8245,0.455592,0.24131,0.532754,1.99579,5.57675,0.048245,0.111535,0.146579,196.154,268.726,168.313,100.413,0.225815,17836.7,3.18149e+08,0.0150519,0.000226559
0.3,225,67,aleatory,grid-29,r2,0.299406,13.9179,0.610469,0.514834,0.669517,3.15156,11.6328,0.139179,0.232656,0.670102,371.219,635.836,389.273,246.563,0.446875,62537.9,3.91099e+09,0.0548231,0.00300557
0.3,225,211,aleatory,grid-30,r2,0.298752,3.1909,0.549629,0.0644528,0.190413,2.2617,3.13411,0.031909,0.0626822,0.0751927,129.299,144.417,122.956,21.461,0.141589,3538.57,1.25215e+07,0.00646068,4.17404e-05
0.3,225,225,aleatory,grid-40,r2,0.298086,2.9362,0.569894,0.01,0.0974636,1.92466,2.93503,0.029362,0.0587006,0.065153,121.975,122.309,121.687,0.622415,0.132483,27.3145,746.084,0.000170569,2.90938e-08
0.32,240,149,aleatory,grid-15,r2,0.283883,4.03875,0.443395,0.256646,0.473244,2.00645,4.05952,0.0403875,0.0811904,0.0982093,160.107,193.738,142.197,51.5415,0.190526,9161.8,8.39386e+07,0.0109502,0.000119907
0.32,240,120,aleatory,grid-23,r2,0.299935,5.80583,0.53406,0.36569,0.59842,2.2608,5.62871,0.0580583,0.112574,0.166061,207.718,304.412,175.931,128.481,0.249946,20037.5,4.01501e+08,0.0209082,0.000437151
0.32,240,70,aleatory,grid-29,r2,0.319346,9.88701,0.488459,0.424514,0.660385,2.98225,10.5771,0.0988701,0.211542,0.479667,321.317,521.169,344.247,176.922,0.456208,48333.9,2.33616e+09,0.0380492,0.00144774
0.32,240,228,aleatory,grid-30,r2,0.318678,3.163,0.559397,0.0624508,0.175319,2.33544,3.11031,0.03163,0.0622063,0.0740426,128.226,143.068,121.802,21.2657,0.139771,3428.09,1.17518e+07,0.00622055,3.86953e-05
0.32,240,240,aleatory,grid-40,r2,0.31804,2.93701,0.506353,0.01,0.0948931,2.03181,2.93542,0.0293701,0.0587084,0.0651838,121.99,122.319,121.708,0.610131,0.132517,26.1802,685.405,0.000165084,2.72526e-08
0.34,255,146,aleatory,grid-15,r2,0.294068,4.43833,0.488966,0.310879,0.530399,2.20115,4.41345,0.0443833,0.088269,0.105212,168.405,225.723,139.197,86.5268,0.201416,11016.5,1.21364e+08,0.013679,0.000187115
0.34,255,127,aleatory,grid-23,r2,0.318119,5.29748,0.447138,0.2632,0.561553,2.2755,5.89888,0.0529748,0.117978,0.157237,204.467,294.334,179.903,114.431,0.250487,18680.1,3.48945e+08,0.0186924,0.000349405
0.34,255,59,aleatory,grid-29,r2,0.339496,11.9426,0.472522,0.422422,0.738127,3.21159,13.2626,0.119426,0.265253,0.657265,380.148,672.371,380.601,291.77,0.575417,65816.9,4.33186e+09,0.0501031,0.00251032
0.34,255,244,aleatory,grid-30,r2,0.338718,3.24509,0.567337,0.0469933,0.152932,2.62366,3.07467,0.0324509,0.0614935,0.0751164,128.466,145.143,121.843,23.3003,0.138819,3868.85,1.4968e+07,0.00812366,6.59938e-05
0.34,255,255,aleatory,grid-40,r2,0.337906,2.93652,0.519946,0.01,0.097695,2.10321,2.93586,0.0293652,0.0587171,0.065154,121.988,122.326,121.697,0.629833,0.132512,27.3824,749.794,0.000174649,3.05021e-08
0.35,263,156,aleatory,grid-15,r2,0.308121,4.29533,0.506357,0.317184,0.51631,2.30718,4.06765,0.0429533,0.0813531,0.100361,163.076,207.38,139.12,68.2603,0.197513,9316.38,8.67949e+07,0.0130089,0.00016923
0.35,263,111,aleatory,grid-23,r2,0.325426,6.62122,0.465065,0.342975,0.648507,2.43479,6.38767,0.0662122,0.127753,0.192283,229.256,346.201,190.412,155.788,0.293176,23951,5.7365e+08,0.0271527,0.000737266
0.35,263,53,aleatory,grid-29,r2,0.350205,17.2654,0.632516,0.592601,0.742807,4.22557,14.2356,0.172654,0.284713,0.865188,428.162,812.706,476.415,336.291,0.660765,84273.3,7.10199e+09,0.0710797,0.00505233
0.35,263,249,aleatory,grid-30,r2,0.349266,3.34857,0.54335,0.056215,0.16884,2.7421,3.0688,0.0334857,0.061376,0.077282,129.791,148.371,123.261,25.1102,0.140267,4286.77,1.83764e+07,0.00927257,8.59806e-05
0.35,263,263,aleatory,grid-40,r2,0.348543,2.93908,0.547641,0.01,0.0983345,2.15721,2.93382,0.0293908,0.0586765,0.0651914,121.995,122.342,121.694,0.647961,0.132526,26.8583,721.367,0.000165662,2.74438e-08
0.36,270,149,aleatory,grid-15,r2,0.311277,4.61126,0.499271,0.349938,0.540149,2.30211,4.40943,0.0461126,0.0881885,0.11088,172.926,223.688,147.984,75.704,0.20891,11967.5,1.43221e+08,0.0141115,0.000199133
0.36,270,135,aleatory,grid-23,r2,0.337394,5.24148,0.483083,0.309332,0.585554,2.60345,5.3484,0.0524148,0.106968,0.146103,198.5,280.209,169.418,110.791,0.249921,16698.3,2.78832e+08,0.0186443,0.000347608
0.36,270,58,aleatory,grid-29,r2,0.359528,12.2028,0.471439,0.420597,0.714409,3.6876,12.6976,0.122028,0.253952,0.63481,377.984,664.313,398.354,265.959,0.619876,64361.9,4.14245e+09,0.0515186,0.00265417
0.36,270,259,aleatory,grid-30,r2,0.35867,3.00635,0.496932,0.0111175,0.151401,2.67657,3.24666,0.0300635,0.0649333,0.0736542,127.704,141.799,121.856,19.944,0.138483,3478.68,1.21012e+07,0.00372716,1.38917e-05
0.36,270,270,aleatory,grid-40,r2,0.3578,2.9374,0.531503,0.01,0.0973614,2.20711,2.93439,0.029374,0.0586878,0.0651819,121.991,122.33,121.698,0.631455,0.132519,26.1559,684.134,0.000164857,2.71778e-08
0.38,285,154,aleatory,grid-15,r2,0.330257,4.65821,0.51379,0.338219,0.553479,2.32505,4.56792,0.0465821,0.0913584,0.116221,177.072,235.008,149.095,85.9139,0.214453,12670.4,1.60539e+08,0.0141205,0.000199388
0.38,285,128,aleatory,grid-23,r2,0.352818,6.75646,0.579441,0.431346,0.596217,2.81348,5.34897,0.0675646,0.106979,0.176864,220.84,324.432,187.618,136.814,0.275639,22400.2,5.01769e+08,0.0279784,0.000782789
0.38,285,40,aleatory,grid-29,r2,0.379626,24.8036,0.643658,0.619245,0.803586,6.95305,20.4412,0.248036,0.408824,1.76095,605.435,1235.18,696.498,538.685,0.949064,154326,2.38166e+10,0.0950648,0.00903732
0.38,285,268,aleatory,grid-30,r2,0.378562,3.43426,0.571375,0.0824455,0.179877,2.94501,2.98573,0.0343426,0.0597146,0.0773116,130.167,149.256,122.727,26.529,0.141254,4179.07,1.74646e+07,0.0101138,0.000102288
0.38,285,285,aleatory,grid-40,r2,0.377686,2.93936,0.539343,0.01,0.0997809,2.30078,2.93584,0.0293936,0.0587168,0.0652215,121.993,122.343,121.688,0.654506,0.132521,25.7399,662.542,0.00016392,2.68697e-08
0.4,300,168,aleatory,grid-15,r2,0.34597,4.47031,0.495957,0.312242,0.521565,2.52422,4.32731,0.0447031,0.0865462,0.107876,170.514,221.488,143.955,77.5334,0.205934,11162.9,1.24611e+08,0.0141343,0.000199779
0.4,300,129,aleatory,grid-23,r2,0.371139,6.56738,0.505246,0.372565,0.625411,2.90687,6.45162,0.0656738,0.129032,0.197302,231.558,359.283,192.815,166.468,0.287704,24873.8,6.18705e+08,0.0263876,0.000696303
0.4,300,52,aleatory,grid-29,r2,0.399695,16.3281,0.401778,0.362314,0.780854,4.45606,20.0606,0.163281,0.401212,1.17365,497.863,1010.5,477.904,532.6,0.768644,109251,1.19359e+10,0.0637634,0.00406578
0.4,300,284,aleatory,grid-30,r2,0.398552,3.42044,0.554192,0.0699728,0.173589,3.28079,3.01307,0.0342044,0.0602614,0.0776081,129.839,150.908,121.848,29.0607,0.140335,4357.32,1.89862e+07,0.0104784,0.000109797
0.42,315,151,aleatory,grid-15,r2,0.357057,5.29492,0.542815,0.362902,0.551801,2.74764,4.98507,0.0529492,0.0997015,0.132821,191.886,255.836,164.962,90.8745,0.236461,15678.8,2.45825e+08,0.0181608,0.000329813
0.42,315,115,aleatory,grid-23,r2,0.386382,8.05034,0.501286,0.373392,0.648994,3.38142,8.18845,0.0805034,0.163769,0.270153,271.54,419.765,236.016,183.749,0.335984,35281.3,1.24477e+09,0.0316361,0.00100084
0.42,315,33,aleatory,grid-29,r2,0.419961,27.4997,0.457304,0.433405,0.791034,7.10786,31.2633,0.274997,0.625265,2.7568,762.796,1601.79,811.714,790.081,1.27261,230622,5.31864e+10,0.0972551,0.00945856
0.42,315,293,aleatory,grid-30,r2,0.418632,3.79867,0.59967,0.0888424,0.187499,3.4506,3.01035,0.0379867,0.060207,0.0856782,133.87,169.358,121.891,47.4668,0.142878,5911.78,3.49492e+07,0.0146752,0.000215361
0.44,330,163,aleatory,grid-15,r2,0.375724,4.87437,0.470882,0.327562,0.574144,2.82878,5.07324,0.0487437,0.101465,0.125141,187.534,249.074,159.889,89.1851,0.230505,14690.6,2.15814e+08,0.0149204,0.000222619
0.44,330,104,aleatory,grid-23,r2,0.401646,7.72094,0.52131,0.438349,0.688969,3.45074,7.35027,0.0772094,0.147005,0.240145,265.375,408.047,228.182,179.865,0.386199,31527.2,9.93964e+08,0.0317501,0.00100807
0.44,330,26,aleatory,grid-29,r2,0.440156,36.3636,0.816701,0.790024,0.759935,12.7542,26.9804,0.363636,0.539609,3.14579,863.438,1762.94,1046.65,716.291,1.69291,279835,7.83074e+10,0.148878,0.0221646
0.44,330,312,aleatory,grid-30,r2,0.438637,3.20477,0.542636,0.0499613,0.171415,3.66802,3.1435,0.0320477,0.0628701,0.0757687,129.263,145.683,122.664,23.0184,0.140589,3820.45,1.45958e+07,0.00717452,5.14738e-05
0.45,338,151,aleatory,grid-15,r2,0.376945,5.48784,0.532409,0.416023,0.60955,2.94009,5.01704,0.0548784,0.100341,0.135316,196.673,270.789,162.253,108.536,0.249633,16358.3,2.67592e+08,0.0188791,0.000356421
0.45,338,117,aleatory,grid-23,r2,0.412913,7.17843,0.486405,0.405163,0.672711,3.5464,7.23495,0.0717843,0.144699,0.229823,255.197,386.222,220.492,165.73,0.352917,30144.8,9.08706e+08,0.0286042,0.0008182
0.45,338,29,aleatory,grid-29,r2,0.450927,44.2145,0.79698,0.773078,0.821187,15.4459,23.5515,0.442145,0.471031,3.1947,857.89,2080.93,845.919,1235.01,1.55492,274463,7.533e+10,0.171362,0.0293651
0.45,338,318,aleatory,grid-30,r2,0.44943,3.35063,0.580369,0.0644531,0.175799,3.9423,3.12901,0.0335063,0.0625802,0.07865,130.714,151.723,123.024,28.699,0.14133,4506.49,2.03085e+07,0.00915128,8.37459e-05
